-1976.6913 
892.2815 
-9941.0140 
-5967.6182 
-6932.0599 
2489.5128 
2432.0954 
-5426.9571 
-5297.1901 
-5748.6547 
-1483.5701 
743.8011 
-3264.2215 
-240.6352 
3663.6398 
-3978.2565 
-37684.5363 
-18884.4898 
698.4408 
-1976.7062 
-4205.3510 
208.1654 
-14027.7149 
-25921.9059 
-7367.5501 
-34.8694 
-1333.4115 
-3597.2319 
-8422.9341 
-2124.5979 
-2325.6225 
-1003.2004 
-13679.5340 
-11682.7024 
4645.5941 
-4332.2070 
5028.2134 
10075.5088 
-1278.5327 
1576.5715 
6041.9176 
-1695.8237 
-2071.9126 
5754.7366 
113.1329 
-387.6898 
1651.8344 
-2.5367 
10618.7797 
-379.8978 
11023.6515 
5914.0638 
767.6088 
10853.5603 
40953.0994 
-639.8853 
13886.0269 
6924.6542 
7218.4432 
-615.4619 
-765.8385 
-393.8694 
8506.7527 
12559.3867 
2573.3291 
564.0956 
-3278.6859 
-1859.3884 
-120.3469 
-4664.5685 
-3870.8114 
-5703.6890 
-2566.3882 
-3106.3080 
4549.9221 
-3710.1491 
-3998.7006 
-2554.2273 
-5340.4813 
-1444.7877 
-2596.2633 
-633.5222 
-3771.3606 
-901.3287 
-16246.7010 
-14947.5667 
34.0254 
2796.6713 
-4404.5295 
-1328.7546 
1094.7093 
-26619.9758 
-22965.5467 
97.4065 
1132.9602 
366.8512 
-3424.8045 
-1788.9822 
-2215.3406 
982.9245 
-4664.3465 
-14664.3716 
-3742.1943 
-4264.5295 
-9287.9747 
-953.5063 
-5442.5470 
2705.8739 
1545.3975 
-4642.4799 
-6630.5844 
-2544.7673 
-2264.2708 
1907.9953 
722.4849 
156.9886 
-23697.0759 
-960.7963 
-27723.9133 
544.4910 
387.5342 
505.2835 
7654.1273 
343.5044 
-11339.8832 
-10577.7173 
-1964.7726 
188.3838 
-3480.8133 
-2222.1170 
5500.0154 
-2847.2470 
-754.7333 
-1137.0524 
-11738.0850 
-11362.9627 
-5883.9864 
1343.6918 
-7742.2043 
-7516.7388 
-7250.1767 
-4962.1229 
-23065.6957 
-3949.7163 
-9262.6693 
-6971.5630 
-5186.8636 
-1778.2002 
-5462.4617 
27.8219 
-30291.5401 
-1261.4073 
-35119.5936 
-23366.6359 
-197.7331 
-11836.9936 
-25807.4250 
-917.6633 
-8690.8065 
-32968.2916 
-31245.5312 
-702.5683 
-1921.3385 
-3972.2764 
-10061.8412 
-11894.5205 
-3208.8245 
-277.1640 
-13099.9551 
-24446.7724 
-2178.8610 
-3925.5860 
-7079.7446 
-1659.2127 
-9883.0593 
844.8087 
6744.6335 
725.8957 
-3167.4215 
-2300.6448 
-3931.1511 
-1777.8482 
-2911.1088 
-773.9319 
-15069.2411 
4495.9786 
-30435.5809 
-13435.3453 
942.6022 
-8251.4931 
-19449.2133 
1342.8907 
-12980.4621 
-23730.8280 
-8223.5454 
-54.7864 
-237.7671 
-1213.8988 
-9387.5844 
-11052.7215 
-18.2682 
-890.3044 
-9610.2330 
-7757.3959 
-15289.3078 
-4913.4041 
-10998.4134 
-5361.7102 
-6882.2665 
-421.6917 
-15925.3916 
-7554.3011 
-6748.3123 
-5696.6843 
-4819.9993 
-1614.7145 
-2863.1459 
-1350.0037 
-21000.9708 
-8422.0854 
-37473.3681 
-15677.7607 
-731.8273 
-4410.7793 
-22394.2776 
994.6845 
-16731.3228 
-32762.8546 
-21395.3783 
-489.6566 
-3319.6572 
1145.7355 
-16984.0709 
-10444.0653 
-2049.4736 
81.2513 
-8926.4293 
-10013.1040 
1477.3590 
37.7003 
3253.9356 
3583.6981 
-5393.8003 
253.8473 
-4601.7026 
-5292.1011 
-5868.8414 
2236.7455 
-6364.3708 
-1709.5666 
477.8133 
298.9468 
-3248.0465 
3451.2722 
-7626.7626 
-11596.9314 
348.3570 
-1353.8067 
-935.4201 
1989.0313 
-16635.9139 
-7607.6318 
-5886.8454 
-396.2368 
-3259.9143 
-4317.9504 
-1992.9985 
2465.9319 
790.2678 
-31.3664 
-10364.5662 
-11655.3737 
13134.5784 
-1574.8461 
5054.7815 
8373.6242 
2363.7626 
5605.6347 
3112.7202 
-408.5058 
2804.4832 
128.1458 
-2786.8610 
-125.4759 
5452.7983 
-669.5730 
22010.5322 
5510.8971 
6679.1557 
-9897.5234 
863.8840 
9827.2905 
14974.3204 
1878.6767 
9325.7029 
599.4041 
-1451.6944 
494.4601 
1821.2258 
1736.2101 
-2226.0669 
2861.6465 
3246.5150 
1226.4948 
978.2900 
-6056.0358 
10514.4667 
-7022.9855 
982.7131 
1607.0513 
-2349.9644 
-3463.1608 
152.0363 
-2644.7349 
1079.0342 
2926.9733 
-3359.3288 
465.5125 
-910.2572 
-51.0187 
-17277.1765 
-2296.2447 
-22717.3604 
-5002.0665 
-28.5529 
-1433.1491 
-7073.9968 
104.2991 
3903.9611 
-2432.7100 
-4333.6796 
422.7354 
560.8614 
-2112.0772 
-7800.8908 
-1072.3126 
-1719.2190 
-83.8895 
71.7396 
-1419.9637 
-1491.1514 
-2712.5002 
-12051.2583 
-3425.8354 
-1269.7973 
-1219.5996 
-10176.9116 
-3612.4970 
-2675.8351 
-3550.0308 
-5428.9464 
29.3366 
942.6293 
430.7125 
-27279.6392 
-1820.6919 
-33860.3664 
-18576.5378 
-1015.6771 
-8208.8958 
-40464.3779 
-465.4242 
-20812.5323 
-33194.5953 
-15991.4794 
-223.0542 
-3752.2228 
-3559.8624 
-1124.8458 
-10275.4320 
-2353.4338 
-567.0730 
-12500.0273 
-10668.5869 
3693.3898 
944.8816 
-2743.0027 
10040.7734 
1493.2136 
7278.1150 
11753.0264 
1178.7120 
2945.1526 
1229.7263 
3193.1314 
2001.1213 
3814.8677 
-566.7571 
17709.4877 
8850.4516 
-683.5948 
-200.3632 
1780.8643 
18000.1763 
40711.1487 
1295.8730 
-544.0910 
3851.2073 
17455.8170 
445.9588 
-54.2361 
6.3636 
16753.6414 
9656.7227 
1255.0523 
-1394.4179 
-5559.7779 
-360.5140 
144.1884 
-2465.4805 
3662.5654 
-4410.7074 
-3470.6002 
-4922.2686 
-2416.1066 
-3331.3378 
-4361.5251 
-5955.8337 
3197.5473 
-1223.1686 
-2573.2611 
444.5300 
-6705.9956 
-971.8384 
-33234.6210 
-13008.2659 
1139.7425 
-14822.5884 
-3974.8513 
-136.6798 
-16905.9074 
-31002.7170 
-5877.5495 
-362.8280 
-970.6165 
-4058.5105 
-1868.0819 
-4656.8851 
-633.1310 
-1203.0577 
-6515.2714 
-5791.7799 
9142.5509 
3999.9465 
6395.7120 
8320.7021 
-306.2505 
5251.6348 
5392.6939 
-2218.2073 
-4049.2113 
4632.8853 
-572.9081 
861.8522 
1015.8506 
-52.9871 
3988.1021 
6030.1446 
-810.0588 
-4735.5854 
1355.0445 
15175.1827 
32959.6441 
681.2310 
-1612.3541 
9527.1295 
424.8543 
670.8868 
2483.8907 
2726.7230 
11376.4590 
4548.4352 
475.5435 
-170.8365 
-1946.8921 
-5409.5000 
5644.3432 
-1919.1219 
2135.1855 
2928.3005 
-2807.3551 
3491.2904 
1576.7353 
-4312.4183 
-2942.9409 
1336.4451 
389.2603 
128.6855 
-1204.3210 
27.4196 
3814.2070 
4809.5372 
-7523.2253 
-3320.0803 
542.0236 
6536.5749 
20642.8052 
1777.7314 
1897.8849 
-16729.5310 
19040.6493 
22.0808 
-2944.5575 
1564.5737 
7390.9494 
3249.2736 
-1527.9477 
606.6065 
-3945.4606 
15794.4408 
-3703.3440 
-4345.1522 
-4141.1031 
5546.3700 
2106.3951 
753.9897 
7207.4692 
-5293.5868 
-3597.5102 
899.2768 
34.9271 
-34.3965 
3736.5931 
184.9550 
-3410.1819 
3877.5841 
163.3815 
4451.8118 
1259.5795 
-587.3456 
8342.9343 
1771.1309 
-3876.3868 
6082.1245 
-2490.3090 
-401.1787 
-646.5310 
2416.8085 
2065.7951 
2749.7894 
2663.3817 
770.0355 
-2589.8861 
-2717.7618 
-5000.9897 
-4683.2876 
-18681.1258 
-7228.6770 
-5643.2327 
-36.8544 
-9169.9050 
-8002.7565 
-11480.8622 
-6437.2544 
-754.3214 
-997.1559 
-3371.4796 
-1030.1686 
-38254.2103 
-2849.6532 
-46291.2866 
-32794.0066 
220.5149 
-13879.6111 
-34251.9861 
-352.2128 
-39513.4767 
-30925.4938 
-35820.2620 
-608.1034 
-5190.8488 
-3923.6867 
-6116.6619 
-13491.9712 
-3822.0376 
-369.2746 
-15281.0743 
-29200.0026 
4698.7484 
-62.2504 
-12518.5914 
-2436.4727 
-6859.7908 
-943.4898 
-9316.8033 
264.9278 
-6419.6610 
-3922.7288 
-6868.0992 
-1303.0486 
-3523.2345 
-1153.4382 
-21177.4603 
1724.6690 
-24089.2749 
-8868.5957 
-999.6251 
-11594.0469 
-16387.9873 
-553.5006 
-8546.2588 
-7424.4710 
-18182.6247 
-347.1463 
-3882.3146 
-1772.6951 
-7590.3701 
-15388.0921 
-45.4775 
-801.5322 
-5218.5774 
-12536.7353 
3110.8699 
-3938.2761 
-13098.5461 
-8146.5532 
-3501.5122 
-4577.1691 
-13929.9914 
-2212.4422 
-2200.2577 
-5878.8445 
-2381.5143 
-2130.7666 
-973.1494 
-963.4521 
1200.6855 
2032.2971 
-43595.9322 
-7766.2751 
54.5115 
-14894.4971 
-23212.4182 
-273.9134 
-5975.2852 
-21105.2989 
-5424.0527 
-439.2054 
-1560.1976 
-1299.0572 
-12780.8632 
-7049.8440 
-2596.3137 
-1328.8502 
-8523.6923 
-11532.7259 
-589.2439 
1973.6282 
5159.7757 
-377.4814 
-2135.0824 
1463.2339 
-4763.4515 
-5354.2015 
-5252.3341 
-7260.6275 
-5184.9854 
-1382.5441 
-3255.5941 
325.3891 
-14488.6420 
5513.4545 
-25721.4503 
11407.5982 
0.3524 
-14838.5450 
-11911.1927 
812.2659 
1097.3373 
-28422.1444 
-7106.3256 
-564.2004 
-1764.5412 
-1994.3437 
1066.0547 
-4092.0807 
-498.2093 
-394.8845 
-1035.5017 
2300.2347 
4213.2912 
-2439.0144 
2390.7327 
1893.9854 
-3527.1397 
-4317.9058 
-3965.3603 
-2953.3575 
-4885.6958 
-1422.4048 
-1937.4524 
884.5674 
-609.6059 
173.3122 
4357.8072 
-5003.5013 
-19737.3514 
-2747.7219 
-160.4291 
3920.7168 
-3303.4966 
971.1120 
-1390.7489 
-16731.8402 
-619.8711 
-447.2096 
-363.4250 
-4145.1520 
-7501.2810 
-1461.4175 
-1054.1615 
-234.4825 
-1493.3104 
13376.5024 
-595.3334 
576.0054 
3756.1445 
-37.0923 
-603.5475 
-329.8379 
-7465.1006 
-2870.1850 
-5171.4360 
-5790.8107 
-3371.8167 
-1277.8681 
-1696.0969 
-190.3825 
-17882.0361 
1328.7406 
-27275.2396 
-531.2887 
926.0776 
-867.6142 
5840.5750 
-1031.6802 
-19076.7974 
-29788.4501 
-9472.2840 
-410.5229 
-3264.4362 
-2298.1594 
4393.1890 
-733.2820 
-902.5666 
809.9248 
-5691.9465 
-6680.5785 
7450.7421 
-471.4529 
1372.9498 
-2032.5741 
-2314.6148 
-1275.5347 
-5066.6611 
-3505.5060 
-788.0326 
-726.0278 
-1802.7776 
64.0156 
128.8094 
860.9545 
-4655.9429 
-336.4618 
-15451.3569 
-2906.3204 
-132.4218 
415.0034 
1292.6219 
954.0023 
9515.1063 
-7768.8092 
538.7992 
315.6977 
-3009.4763 
698.2747 
-1357.7573 
1249.6467 
926.6690 
685.1252 
1040.7210 
9375.3561 
4073.1880 
-6384.0071 
-1267.2308 
-1740.2275 
-2058.0069 
-4686.5140 
-517.8967 
-261.0046 
-5851.4003 
-6010.4767 
-3174.3044 
798.1080 
541.7119 
-346.2883 
-7215.8865 
-1084.7651 
-27599.2160 
7700.6918 
-424.8629 
-8580.8669 
-8745.8654 
1578.4294 
2680.6653 
-8674.1854 
-20860.0555 
-103.7585 
4333.3977 
1357.1685 
-4417.6461 
-7701.6592 
597.5729 
1434.0472 
-2192.8099 
1443.7315 
7361.6098 
-4619.3261 
-5553.8120 
-3277.7322 
-8444.4701 
-2327.0572 
-16610.0818 
1994.6320 
-4789.3230 
-8503.9064 
-6736.5070 
-2072.1882 
-2246.0581 
357.1029 
-17579.7230 
-747.7469 
-34857.8775 
-17209.3018 
445.6877 
-12762.0085 
-33648.9985 
-1525.2352 
-15161.1222 
-24048.0302 
-23637.3151 
100.3868 
1904.1630 
-3047.7563 
5570.8550 
-3892.1532 
-4088.6738 
-295.2601 
-12422.3183 
-18344.0546 
7012.9565 
-1845.1441 
-7617.5633 
-7908.6574 
-4125.8349 
-3494.6930 
-9679.9839 
613.0719 
-8817.3923 
-7950.1919 
-1410.1677 
-1979.7365 
-4861.6818 
-902.8507 
-18569.9138 
-6466.4461 
-37902.9091 
-16004.0432 
-438.1229 
-13945.9304 
-38372.9113 
-623.0367 
-29143.1780 
-30575.0738 
-24587.3402 
-555.9413 
-389.1425 
-4043.8125 
-11933.5882 
-17193.5602 
-676.5774 
-539.3616 
-12142.5715 
-18281.0134 
8286.4164 
-44.4405 
-1785.1658 
5614.1918 
-4276.6903 
1049.5647 
-1723.0287 
-1519.8072 
-1851.2223 
6187.5861 
2108.4425 
836.1830 
-398.8431 
-355.7461 
-4735.8242 
3520.6746 
-16551.4579 
-2329.6289 
143.8963 
-2797.4809 
3350.7617 
777.3636 
-16680.1962 
-23819.9114 
-11952.1005 
361.9619 
957.6154 
-2522.0494 
-7843.0108 
-6318.5981 
1193.2093 
-30.1586 
-9609.9931 
-5390.9157 
4417.6405 
-6581.0460 
-10135.0319 
-4300.5232 
-7031.6287 
-3378.5403 
-5551.5514 
-5360.2151 
-7529.0039 
-8230.9162 
-2968.3065 
-1823.0985 
-5704.1408 
-725.6194 
-25844.3276 
-3829.7529 
-34731.5137 
-25224.0231 
482.1663 
-11181.5405 
-36641.2442 
255.5558 
-18551.2767 
-11373.8307 
-30244.2471 
-338.4936 
-4539.6649 
-3159.4528 
-12012.1298 
-7089.1915 
-2896.4602 
-420.4177 
-10300.0979 
-8385.0600 
13568.0559 
2192.9566 
959.2446 
5156.8940 
-261.0400 
2485.7068 
-1405.9286 
3642.9792 
-6106.0280 
-3839.1635 
876.9394 
490.1993 
-1387.4773 
-915.5873 
-27920.9399 
3681.2997 
-29530.6547 
-8177.5618 
1154.5691 
-11676.3771 
-6874.7203 
-993.0894 
-16039.9771 
-685.5576 
-1717.0488 
-66.1340 
704.0924 
-3631.0017 
-3113.5313 
-1444.9675 
-1256.7247 
-371.4525 
-1484.7263 
-6332.5229 
12046.4495 
1898.9042 
1170.6799 
2334.5055 
133.2979 
-2999.4384 
3585.0540 
-2230.3680 
2301.1240 
1449.8485 
697.1673 
-1049.5586 
-3854.4294 
-668.2895 
-21933.4000 
-438.3087 
-20486.3948 
6079.0826 
-490.5088 
-9687.5456 
-2960.1220 
-229.9766 
-9508.2771 
-14137.4626 
-10652.0839 
58.6035 
-205.4688 
-3110.1407 
-8779.2449 
2785.9777 
868.2639 
-695.6812 
3321.7640 
2249.2272 
6643.6511 
4958.1048 
11124.2256 
7894.9453 
1944.7739 
4415.2282 
16423.4847 
2276.6576 
2768.8103 
2528.7004 
6898.9044 
850.4222 
763.7910 
17.2023 
3046.5312 
4426.6839 
-19795.6062 
13290.4439 
977.2554 
2648.4382 
16418.0639 
1655.2950 
1957.7145 
-5097.7870 
17201.7125 
162.2474 
615.2491 
-164.8626 
9673.3599 
1517.9337 
1321.6925 
-1166.0900 
-3430.9134 
13926.7093 
-344.4656 
410.8397 
-4069.2759 
2700.1745 
-7666.2182 
1730.6218 
-6509.2214 
-5974.6753 
-6618.1258 
-3812.2352 
197.7466 
557.3352 
-2928.8932 
531.2988 
-17570.9365 
4834.6566 
-32081.2833 
-9960.9268 
-412.0748 
-7862.5310 
-11651.0325 
599.4121 
-26968.1347 
-12383.8420 
-10340.6688 
-94.0418 
-3233.0478 
-496.0376 
8688.1367 
-4916.0259 
-844.4922 
-63.0605 
-7917.0902 
-11617.4851 
4715.1048 
-3757.7180 
-729.3995 
56.3455 
-1309.2297 
532.7008 
-9339.1404 
-2091.8922 
-2971.2727 
-4594.3341 
5096.2406 
-528.4381 
-2770.3604 
-37.5587 
-12820.3108 
5403.4500 
-18036.5715 
338.8741 
1105.2564 
-2282.1545 
-7163.9918 
93.1792 
931.2888 
-13256.2042 
-8030.9419 
-250.2985 
-3552.6501 
-3580.9721 
3546.9881 
-463.4670 
-2295.0830 
-622.4257 
-918.3769 
-4153.8490 
-16067.5987 
1364.8308 
6882.8964 
-2569.2105 
-1260.5042 
4091.5635 
7973.7403 
-3135.2758 
-785.7837 
-4880.0268 
-1522.6142 
-610.6680 
-1649.6996 
-322.0854 
3247.4701 
1161.0445 
-2767.1187 
-4110.6178 
92.9615 
-11999.1319 
-24897.6360 
-1140.5569 
-5555.3325 
-16192.7572 
-8780.1510 
-319.2885 
-4786.9786 
-637.0198 
-6464.5666 
-6749.8222 
1690.6820 
1156.7293 
-7607.8208 
-18792.1633 
-4622.3835 
-4614.8745 
-5086.2095 
-4879.8890 
-4499.1995 
431.8833 
-7905.1808 
-5534.3274 
-2536.1174 
-4414.6642 
667.7134 
-2097.3615 
-3816.9013 
122.4226 
-17416.3582 
-545.5229 
-15617.8211 
-4161.0960 
-478.5196 
-15624.9685 
-26399.2746 
741.9508 
-5999.0849 
-13531.6079 
-24675.6986 
-434.8694 
-1340.2092 
-1656.0235 
-8451.9773 
-7657.6268 
218.2709 
416.4415 
-13946.3711 
-19745.1773 
11815.1522 
-836.4701 
10091.3827 
2481.1045 
-1750.5557 
2377.1851 
3323.9287 
-1057.0982 
-1116.7295 
3722.9683 
4703.9596 
-177.0965 
2522.1106 
36.3994 
15232.4409 
-1361.5248 
8185.1756 
-8772.0944 
113.9851 
12121.7338 
26109.5381 
-1321.3231 
6666.2879 
8542.3693 
15024.2816 
481.6143 
-3292.3674 
2510.9515 
1008.2883 
8763.9827 
-2091.1976 
-25.6476 
747.1008 
5873.9320 
4665.9138 
-4678.8812 
13514.4544 
5476.2693 
1703.4911 
4488.3385 
3481.9960 
-5776.1059 
47.8074 
6743.1877 
1672.9057 
1546.7137 
2046.2059 
1029.1039 
206.6950 
2213.8810 
-10948.6399 
-10251.4203 
817.8346 
20146.3805 
40404.0430 
1856.2827 
16055.4547 
-250.8204 
12308.6929 
695.0659 
-603.2364 
1497.0612 
7445.5823 
11187.3546 
2137.7803 
-1017.4379 
-930.8049 
16204.2645 
-3880.2254 
-448.1574 
-1937.5438 
-748.3025 
-5035.9668 
961.8023 
-5206.0968 
-374.3305 
-6129.1950 
-4804.4080 
-3973.2915 
-1179.4069 
-2881.5809 
-997.2426 
-34353.5751 
-2056.3677 
-39247.5794 
-13653.2243 
138.1908 
-4670.8372 
-12871.4556 
-148.7605 
-28116.3737 
-24904.2871 
-14053.8841 
-682.8219 
-466.5484 
-3536.1849 
-1900.1894 
-4410.3948 
-1665.4828 
525.0511 
-5009.2582 
-15378.5556 
8014.9147 
1408.6053 
6826.9365 
7605.0461 
-1821.3220 
6829.5550 
5590.1239 
-3775.6127 
-671.1327 
2581.4505 
-1628.8677 
903.2511 
2040.0347 
829.0951 
-2024.8996 
3377.6109 
4063.0701 
5462.9601 
1187.1124 
11041.0939 
16495.1812 
595.0804 
4502.3914 
-11184.6994 
4218.4288 
513.4500 
-1320.9322 
-1705.3670 
4205.5767 
10330.4839 
-823.0832 
359.6480 
-3517.5350 
13388.5189 
-14337.7434 
1090.6627 
-9041.1009 
-1650.8004 
-6684.8512 
1058.2078 
-12182.0208 
-6519.0891 
-7532.5819 
-7392.6319 
-6978.9284 
-1495.0313 
-2074.6024 
-1186.4007 
-13588.2241 
-3038.3027 
-37605.5766 
-18580.3170 
671.0477 
-7526.6766 
-20514.1033 
914.4854 
-28639.1303 
-23005.8432 
-31650.4484 
-100.9045 
-3738.7495 
-3507.2385 
-16043.9071 
-11353.7391 
-2709.4744 
-1505.0971 
-14731.2087 
-29752.1192 
3563.3059 
-2055.2265 
6729.2496 
2979.5950 
-2442.6359 
433.2756 
-4869.9650 
-1306.7015 
-4340.7519 
-3444.4493 
1456.2337 
-19.8426 
-1613.9788 
107.7591 
-50.5832 
1677.2274 
-20644.6756 
-4558.3347 
-1214.1567 
-3620.4258 
-17721.0951 
-303.4927 
7661.3197 
-13359.2094 
-14655.9010 
-514.1222 
-2341.8909 
-205.3176 
5147.7654 
-5733.9698 
-2731.6881 
-500.2641 
4612.8421 
-17704.6808 
-1900.2463 
-3349.1471 
-2169.4930 
-5557.8581 
-6004.7736 
1648.2969 
-1976.3231 
85.4843 
-6354.8922 
-5090.8650 
-2319.3383 
-1506.9506 
-1745.5736 
-70.7892 
-18610.6792 
-212.1348 
-29183.5260 
-11491.5850 
-394.6931 
-8108.9607 
-7332.6603 
-1131.9071 
-7668.0318 
-20484.0797 
-6501.6803 
-470.4208 
-1817.3143 
-3210.4882 
-2212.7040 
-2348.6938 
-1834.8759 
101.6985 
-13032.5133 
-11505.3091 
4930.7426 
-1471.8789 
2740.5279 
1295.6039 
-3250.4149 
111.0645 
20.6681 
1152.7221 
-6395.5094 
-3609.4534 
4615.6349 
509.9432 
-1837.3947 
-692.6072 
-3428.6626 
-772.2651 
-19723.3990 
-1478.2719 
-1056.1223 
-1790.8393 
-1722.9367 
-952.8365 
1622.9457 
3224.4483 
1612.7845 
-445.8991 
-1107.3771 
-1289.8781 
2090.9060 
-6178.2608 
-965.6959 
-752.5920 
2558.3330 
912.5944 
1051.3072 
-5616.9896 
-62.9389 
1557.8674 
-129.7985 
2227.0794 
-3128.0127 
-3422.2947 
-8401.9185 
-99.0178 
-291.6831 
1438.0012 
2273.7923 
25.2673 
-8084.0303 
-3866.8023 
-8648.2764 
942.1261 
1573.2704 
5350.4254 
37946.6069 
91.0671 
-1912.7544 
-1231.8008 
6972.3298 
633.8985 
-2212.8491 
-1949.2395 
6094.0522 
2145.1370 
1506.4047 
359.0055 
4590.3565 
9727.9649 
-2002.9177 
-2219.6579 
2271.0472 
7280.2088 
5328.1043 
2152.3868 
-2042.3110 
-3861.2964 
3158.4413 
308.0382 
2754.6115 
-323.5260 
1008.5973 
-92.2703 
10276.9471 
876.5473 
13014.4722 
4011.6682 
449.6751 
3171.5802 
34568.0291 
1490.0313 
12890.4432 
997.4292 
12278.9858 
137.3405 
-2676.8971 
709.5030 
-3987.5610 
9532.4310 
-834.2429 
-334.8937 
-535.4686 
8833.2889 
11097.8925 
65.2726 
-5.6739 
2376.7892 
-948.3872 
-2044.8234 
6902.9875 
1878.5338 
74.5145 
567.4463 
2143.2856 
174.0321 
-2399.1311 
175.3384 
-3843.4133 
-724.9112 
10020.9577 
10477.5859 
-798.5830 
2387.1641 
-1406.3449 
373.8390 
3882.6521 
5372.5868 
9292.5688 
-422.9326 
583.3379 
-3064.8818 
-2514.7885 
5218.2056 
1707.8790 
999.3504 
10690.1489 
820.3462 
14037.2801 
6402.7799 
13548.9652 
8727.5808 
3303.0444 
6069.8478 
11717.8125 
1514.8803 
-1871.2094 
2640.8837 
1084.0396 
2493.4343 
1867.3251 
720.1450 
11799.1540 
5981.5113 
-1943.3220 
14993.5215 
554.8736 
3231.8166 
23648.7776 
871.0648 
17636.2325 
13934.4721 
12073.1346 
84.1985 
-3315.7259 
603.1236 
285.5114 
7350.9039 
52.6697 
690.8173 
16449.9133 
15950.2680 
15399.1047 
3693.7189 
5824.3095 
2625.4454 
1526.8018 
3986.7416 
13636.5510 
-584.6859 
-790.2237 
1928.5987 
2768.4582 
-362.9900 
-1440.4622 
-641.8068 
-18756.4009 
3075.7475 
-6171.3802 
10854.2553 
942.3061 
-748.4576 
11790.1463 
1155.9652 
270.8669 
-7227.7819 
-3051.7976 
497.6758 
-1837.6918 
627.4884 
-10080.3184 
-4641.8166 
-1288.3943 
1272.9764 
10026.3395 
15590.8192 
14800.3328 
2301.2456 
6694.9864 
5613.3549 
-1901.9682 
798.4570 
1796.4274 
3833.5266 
-4422.4004 
2252.8573 
5509.4642 
1582.3179 
-557.0813 
1017.4722 
-1239.9051 
9332.1136 
-9309.9452 
6600.9837 
694.3761 
-1154.5586 
2793.0009 
2190.7801 
-2145.4067 
5391.9908 
12178.5644 
-332.6666 
505.1611 
-514.8402 
7116.1106 
3576.0546 
-3012.3409 
-1105.8302 
7862.5268 
749.2586 
10842.7517 
-8851.7109 
-4986.5337 
2460.0371 
-1401.9118 
3798.4432 
-6057.5638 
-4008.3803 
-11765.6365 
-881.4014 
-3740.2619 
195.7088 
-1991.6760 
89.0668 
-18565.3972 
-4239.5675 
-29722.1914 
-12770.1590 
-177.3825 
282.3688 
-6690.4772 
2190.6766 
-33614.0396 
-26285.9395 
-15855.8061 
-475.1080 
1648.1029 
-991.6341 
-2001.8601 
-3552.3592 
-2464.4494 
227.8696 
-12982.0680 
-14371.4926 
391.2950 
-2732.5407 
2904.9997 
2675.2942 
-1587.5859 
2946.2166 
4281.1326 
-1244.2088 
2557.6329 
3213.0318 
641.4657 
466.0379 
2406.9608 
683.2556 
-4637.0965 
308.5363 
-3820.2912 
-3405.4034 
-782.4399 
22233.4153 
32071.9655 
276.8393 
17589.6896 
214.0882 
567.7795 
558.6532 
-1208.6083 
-27.5173 
-4223.4793 
11220.9670 
2897.4902 
-952.7526 
-3010.9252 
14242.1568 
363.4935 
-7659.0963 
-2763.4348 
264.4521 
-1611.4659 
4047.4283 
-11343.2700 
1977.1488 
-3542.1105 
-833.8439 
-6927.5863 
-358.7483 
-1208.4265 
514.1760 
-13338.9411 
98.1592 
-8570.4309 
-12500.3730 
980.6649 
5268.1231 
27439.5836 
1600.0208 
-17619.3118 
-4286.9171 
-20163.9781 
-240.5919 
-2289.4371 
-2258.6659 
-7990.0970 
909.7174 
502.2283 
-301.6108 
-781.2700 
-12277.4032 
3453.2873 
-4839.3464 
1636.8659 
-5234.6961 
-2351.0145 
-308.2907 
-13736.6358 
-5007.2273 
-2441.0865 
-8851.8165 
327.8683 
-1450.6000 
-1840.5131 
804.9188 
-13331.7233 
-1786.7292 
-30951.5147 
9164.0943 
-391.0271 
-6752.6657 
-14218.2621 
323.0954 
-6406.2043 
-19963.7659 
-14010.4575 
-340.0994 
-4777.4022 
-1162.1476 
-6996.7552 
2058.9279 
1314.3745 
440.0755 
-4203.6325 
-4104.5378 
2359.1124 
-5366.4219 
-8693.6541 
-1655.4915 
-592.8562 
-3986.0337 
819.7378 
-4292.4744 
-1759.9156 
-6996.0414 
-916.9463 
-1167.2516 
-2863.5221 
24.7542 
-14077.2148 
-4279.5718 
-30498.4070 
-17307.7243 
17.2944 
-13510.9524 
-35964.0215 
-1421.0387 
1491.0660 
-22306.6554 
-6812.1570 
-72.1399 
-843.2747 
-4233.8617 
442.4862 
-9638.2875 
-183.1694 
-1164.1215 
-11161.7276 
-11638.4771 
-1981.9855 
-457.2986 
367.3259 
90.5165 
-2858.3839 
3336.0768 
-13000.0167 
-4564.9917 
-2488.0413 
-3100.1959 
529.3055 
-794.5102 
-2945.6412 
331.9945 
-25910.2146 
413.9049 
-32356.9923 
1167.9740 
-255.4390 
-9422.0147 
-4053.7022 
1075.2903 
-12339.1605 
-11419.7542 
-21983.4412 
-203.0688 
-1515.5016 
512.6229 
-3934.8520 
-6550.8238 
-871.8730 
1092.3744 
-3274.6768 
-9850.3925 
6120.1066 
1686.1388 
8363.0394 
4334.9655 
2287.6705 
546.8177 
22974.7336 
-1700.3363 
4212.2216 
842.4117 
1577.8501 
-70.0646 
-668.7830 
-374.9580 
-14619.0311 
8047.2206 
-7355.5326 
9620.7920 
662.6790 
3962.3467 
15218.6312 
1767.7203 
11426.3567 
10775.0997 
17630.4791 
321.9559 
539.7370 
752.6802 
5012.2392 
-2305.6226 
-382.3277 
428.8210 
3548.3626 
17104.5256 
-1851.1034 
418.5217 
-4405.6940 
-1251.6076 
-4851.6184 
5290.7178 
2806.6328 
-3624.0740 
-4259.4670 
-4038.6630 
-506.4652 
548.9458 
-2700.1584 
179.9720 
-2548.6555 
-618.8991 
-37541.5503 
-14616.0612 
342.2229 
-1094.4501 
-1537.6444 
194.4828 
-16457.4644 
-21861.3011 
-13713.4363 
238.7655 
-2242.8340 
-3942.5721 
-6265.0966 
-3978.7173 
-2225.8563 
-956.0714 
-8418.4575 
-14509.5343 
6100.2414 
-1145.2509 
9901.1163 
6958.1175 
-932.8938 
6356.2031 
3748.9133 
-601.7795 
-3646.9860 
3834.8327 
281.6450 
879.0925 
1103.7068 
-934.8656 
8423.2022 
1487.0068 
-3260.8594 
2695.7018 
769.1756 
1794.8838 
37708.2539 
-248.1389 
10509.1203 
2484.1178 
3841.0463 
-21.7082 
-1710.3114 
-526.3079 
6488.4268 
3918.4155 
2832.3190 
246.5731 
-6250.7696 
4360.0763 
2749.9225 
-4234.5383 
-2754.4422 
-8615.5440 
-1449.6259 
331.9649 
4448.1738 
-2468.1026 
-7169.5487 
-3006.9283 
-5835.3039 
-1124.4697 
-3494.9905 
-453.9351 
-8492.8924 
-1165.5687 
-22923.4265 
-17204.6485 
851.0112 
-2669.1228 
-8129.8393 
-1754.5051 
1005.4601 
-25269.7901 
-17788.3499 
568.5042 
1792.2745 
-51.7510 
-4829.8075 
-5815.8023 
-2494.7469 
716.9020 
-1789.3365 
-11377.1995 
-3022.3833 
-3302.0264 
-7247.0568 
-10.1140 
-6051.4429 
3612.8685 
457.9298 
-4294.5659 
-6579.4580 
-3196.2424 
485.0914 
1903.0339 
-1468.3561 
86.7960 
-20840.1427 
-467.9489 
-28663.4721 
1578.1388 
705.0260 
-2898.2735 
9394.9592 
534.5914 
-7577.2665 
-11959.8635 
2157.8228 
242.9188 
-1502.9558 
-2684.7345 
5865.2255 
-2373.3494 
-394.1183 
-327.0769 
-10673.9034 
-8968.2346 
2809.7676 
3119.5990 
-1513.5796 
-8592.9489 
-4732.7653 
-3266.9148 
-13850.2470 
-3360.8408 
-6488.7273 
-5770.9472 
-4654.5356 
-1541.9841 
-5147.6607 
-40.4088 
-23013.4673 
-2051.9696 
-34871.3455 
-12556.6227 
-47.2556 
-10112.0503 
-21546.2062 
-668.9971 
1736.3322 
-24173.5277 
-27321.3408 
-604.7420 
450.4829 
-4440.5522 
-6333.1433 
-7505.6191 
-2690.0438 
-26.9304 
-9104.4726 
-16235.2287 
-2377.9678 
-2261.2056 
-6794.9123 
2000.8206 
-7498.8748 
773.9577 
2394.8584 
-163.1927 
-2729.1230 
-3695.7637 
-3441.2022 
-2210.1928 
-4035.7033 
-377.2421 
-15935.0494 
5879.3131 
-27606.4834 
-10451.5145 
979.1187 
-11235.5901 
-14177.0391 
1400.0605 
-9264.6160 
-22905.6708 
-11490.7250 
105.1170 
-439.4164 
-576.1048 
-9046.8584 
-13166.7627 
-177.2964 
-1098.6636 
-11211.0647 
-9698.0710 
-14077.9131 
-5222.4430 
-9072.3578 
-3631.4080 
-7289.8245 
2032.2171 
-15547.2482 
-7554.7800 
-7963.6477 
-5985.2757 
-4278.5495 
-651.2988 
-2392.4614 
-1385.6976 
-19435.1719 
-6033.9193 
-35606.6432 
-14565.1826 
-905.4624 
302.2582 
-13597.2620 
876.6493 
-18541.1191 
-33116.1739 
-16841.6479 
-467.2853 
-4912.3620 
478.1281 
-14601.4845 
-6475.5019 
-1695.8122 
-480.0098 
-9193.0036 
-15104.0038 
1462.4772 
469.3970 
6042.2605 
-5822.0988 
2212.9443 
-220.9312 
-7492.1874 
-3480.8287 
5493.5964 
1345.2945 
-1636.9196 
28.3228 
970.2215 
796.1602 
9022.0021 
2894.0252 
8843.4510 
-7319.6718 
274.1971 
1238.3602 
3212.5557 
1802.3230 
-5473.6799 
-8504.9297 
-6141.4803 
-95.9346 
-278.5292 
-3583.2818 
-2381.2577 
4672.1768 
2472.8076 
63.1999 
-4427.3790 
-5081.5974 
10286.9860 
-395.8017 
10362.8648 
275.2855 
7802.5246 
1758.1569 
-3750.5964 
306.2743 
4205.9663 
-3751.9056 
-1006.2938 
-1715.2696 
2676.9343 
228.2222 
20923.4261 
7398.1947 
19329.0663 
2103.2708 
935.9953 
2082.6196 
21131.8230 
1452.7630 
12758.0633 
-9476.2750 
3576.5975 
313.8432 
3449.7115 
2159.1372 
-4253.4576 
1394.2189 
2378.7897 
666.0113 
4581.7312 
-4066.8655 
13536.6804 
-5203.1160 
-3564.3717 
-644.0665 
-2304.6647 
-5055.4431 
1494.9830 
-926.4905 
456.5810 
-169.8836 
-3520.6543 
655.2351 
-1005.1097 
-225.7808 
-20057.6371 
-859.7829 
-22245.9018 
11.4655 
-187.2428 
-57.6913 
-4268.3348 
232.8406 
3385.7044 
9058.9384 
-297.5358 
133.4640 
1983.6409 
-161.0071 
-9315.5092 
-250.6101 
-1507.6278 
323.9998 
5867.1848 
1031.6824 
3059.9626 
-3310.9001 
-8294.5400 
-3052.2612 
785.2777 
-932.0128 
-9500.5405 
-153.1177 
-3741.0676 
-3711.3660 
-6484.1753 
431.8489 
625.6068 
955.4611 
-22032.5635 
-270.8307 
-28479.2770 
-14597.0732 
-617.0667 
-8391.0551 
-30551.8448 
-725.0938 
-18027.9420 
-26681.6018 
-15181.1133 
-17.5755 
-3179.9311 
-3589.7451 
2297.0214 
-10716.7429 
-1948.6801 
95.4125 
-9743.2364 
-7894.9766 
3144.6572 
2366.2383 
-5228.8509 
1105.7760 
4058.3127 
3158.1371 
14.3155 
7597.9937 
4387.6028 
-6049.3826 
5141.4049 
-2132.4859 
-504.3651 
369.8533 
4640.6761 
8055.2662 
-14932.8173 
-5128.8473 
1719.5653 
-682.0407 
197.6527 
1660.5467 
-29614.1895 
-2055.4680 
5708.7659 
-483.8007 
-2397.3316 
-1320.0434 
8760.2728 
-4764.7679 
3204.3400 
-789.2851 
1798.9395 
-5118.6382 
4745.9607 
-4245.8848 
4157.3645 
-3084.5534 
-2673.7660 
-4767.4874 
-4671.8072 
-2636.7406 
-979.5685 
-6818.8136 
2190.4771 
-808.5255 
-2699.4694 
363.9758 
-10797.7215 
2310.8947 
-37983.6364 
-8087.4138 
1147.6541 
-13531.0844 
710.7576 
15.2494 
-16964.8504 
-30594.6481 
-9914.8589 
-295.3488 
-2149.1769 
-3809.0698 
-1180.2052 
-7277.5569 
-816.1306 
-341.6528 
-4233.7932 
-4174.9874 
17933.1506 
7046.8930 
6293.3137 
8233.7014 
103.2559 
3229.6894 
17219.3414 
2800.4005 
-5355.8089 
6561.8143 
4350.2816 
45.3702 
2441.5077 
-739.3358 
6535.8771 
7755.5355 
16086.2185 
-1564.7226 
1110.6660 
11621.6639 
32417.9283 
805.9839 
-4413.7345 
29781.9234 
17597.7351 
694.0643 
4970.6436 
3379.0560 
14513.2614 
7584.1087 
-161.6230 
294.1742 
5955.7383 
4251.7337 
4748.5600 
-2587.2515 
326.0303 
4820.9774 
-3558.6099 
3507.7999 
-3844.7835 
-2769.9577 
-8781.3349 
-205.2676 
-1232.8920 
564.8129 
-2953.0949 
0.0580 
-9132.6605 
3741.9537 
-15878.0687 
-11850.0961 
-256.7254 
3258.2646 
5343.7701 
1658.2184 
-4566.8824 
-12742.3005 
8320.9479 
-155.4396 
-1941.0034 
368.3141 
11324.2694 
2108.4069 
-1679.1825 
834.5437 
-5254.5958 
5773.7886 
-99.3311 
-33.9825 
-5775.5693 
5192.2997 
3943.7189 
-1877.6244 
5194.4992 
-3731.5819 
-3002.1787 
-403.6197 
-299.9207 
-1002.7155 
2711.3405 
791.1721 
-6269.0163 
5803.0822 
-6346.9432 
11822.7276 
468.5297 
-4084.3305 
3726.0367 
1485.9313 
-2053.4895 
1673.9711 
-10738.5388 
-52.0984 
-2080.7668 
1557.1560 
1051.7058 
1929.7649 
949.5170 
882.9724 
6137.4330 
-6981.1041 
-3716.5395 
-1841.8288 
-14262.8476 
-5386.4335 
-6066.7658 
576.9550 
-7862.8804 
-7674.3965 
-12324.6093 
-6989.3448 
835.8812 
-1222.9787 
-4076.4203 
-775.9901 
-39251.3128 
-1468.8372 
-44507.8994 
-31558.7141 
227.6586 
-16231.1501 
-30234.3031 
-919.5734 
-36480.1391 
-31908.2830 
-31449.3336 
-591.6680 
-4688.3821 
-3890.3095 
-4051.1911 
-14698.3149 
-3745.7890 
-98.3618 
-12718.4877 
-20984.1265 
-1579.6490 
-1692.6144 
-14609.5166 
1716.0633 
-6540.3713 
1438.7325 
-6603.1037 
-964.8849 
-6334.7507 
-3685.1981 
-8622.1412 
-2442.6961 
-3136.4012 
-1009.2869 
-28131.8443 
354.7956 
-31703.5727 
-13091.6281 
-864.9823 
-14293.5573 
-26201.4738 
-341.1064 
-17873.5049 
-9220.2721 
-31042.5833 
-192.5420 
-5100.0534 
-3590.6181 
-11025.9276 
-14474.0037 
-628.7641 
-73.2178 
-7482.2919 
-14443.2044 
10285.9038 
-2840.9524 
-9435.6419 
-6633.9974 
-608.2389 
-2968.1293 
-5859.3147 
-892.6671 
-379.0725 
-7107.9846 
-1477.8115 
-1578.4323 
-1502.5315 
-394.8935 
737.2994 
4161.6806 
-42008.7735 
-2143.4297 
443.5620 
-12264.1594 
-13689.1385 
-355.0306 
-2791.3920 
-15512.5734 
-7501.0748 
-125.0499 
-377.3974 
-521.8477 
-10828.4694 
-8275.2315 
-80.4146 
-593.0719 
-186.4776 
-11122.9577 
3471.7400 
2226.5681 
7902.8424 
-3021.2382 
-1271.8954 
1126.3333 
-467.8116 
-5288.5172 
-1723.0917 
-5769.0148 
-3108.3068 
-1841.5164 
-3702.2630 
887.7122 
2931.4854 
5961.4157 
-7508.3781 
24057.8412 
54.2832 
-5650.0875 
-2118.2974 
314.4022 
11331.2345 
-21815.0106 
4257.2048 
-213.0207 
-1712.5549 
-881.8299 
-3420.1279 
-2661.7330 
1794.5708 
-171.7189 
1619.8905 
15721.0859 
5135.1634 
-1163.7228 
5090.1740 
4712.1086 
-3128.4935 
-3100.3759 
-1743.1999 
-2093.5307 
-4680.5099 
-1778.9551 
104.3721 
473.9352 
-478.9196 
110.3621 
6089.4785 
-1586.8507 
-17309.2318 
3626.4878 
-495.3170 
8246.9097 
-985.3923 
1439.5095 
5401.6942 
-8699.7594 
3194.4362 
-262.5947 
1755.8672 
-3838.1889 
-2903.9292 
957.9477 
-755.5029 
820.0500 
765.6606 
16942.0034 
4154.3351 
1039.7950 
10107.0596 
-4898.6835 
5869.9112 
-2006.1791 
-3598.5631 
-2132.1764 
-5011.4517 
-5753.5728 
206.8141 
6.9138 
-1373.0987 
128.2523 
-2779.9411 
3829.8736 
-12372.0949 
2875.0273 
-562.2449 
3353.9030 
12150.9498 
-886.2630 
-9142.2818 
-1686.9236 
6505.8840 
-410.6053 
692.2538 
-632.1862 
-3728.6950 
1546.1704 
1432.9569 
1341.7672 
1308.9149 
2504.9288 
4440.4758 
-1802.4836 
1627.2598 
-4122.7184 
-3081.3593 
1141.2768 
-5303.5418 
-3956.0160 
-4322.7105 
-2288.6595 
-2595.3162 
317.4610 
93.1965 
349.3873 
-3827.3806 
-1369.2669 
-22356.5165 
-4539.0063 
-23.1196 
-3968.5827 
1089.7365 
616.3908 
11007.3303 
-6429.8711 
2206.6025 
184.7150 
-3370.2720 
-47.7158 
-1910.0853 
-1416.1141 
833.0106 
-3.2334 
-718.5684 
12939.0629 
3695.9839 
-4788.4577 
-3836.8671 
-2042.4243 
-2319.9530 
94.3613 
-1705.0585 
-1781.2972 
-6064.7303 
-6903.2093 
-7394.4233 
253.6828 
-1485.6800 
-286.0708 
-20413.1260 
-720.5822 
-38143.4265 
2915.5367 
-883.4833 
-11980.4331 
-6960.0650 
1324.4291 
-8141.4578 
-14970.9480 
-27785.8619 
-348.4382 
3432.9646 
550.3320 
-4732.7442 
-10868.8846 
-286.7333 
1466.8260 
-3884.2205 
-6010.8980 
6568.5470 
-5580.6354 
-6840.0188 
-3127.1807 
-7923.6336 
-3557.8539 
-14627.8685 
2230.9282 
-6735.4609 
-8427.4025 
-3361.6777 
-2444.9042 
-2510.8645 
396.7931 
-12785.2838 
1007.8216 
-33056.7707 
-12604.3830 
475.1302 
-14743.4841 
-39969.1563 
-1389.7018 
-15334.9707 
-18270.7783 
-17680.1041 
-254.7483 
3918.8872 
-3050.6675 
5020.6358 
-7551.6461 
-4141.6959 
510.3331 
-15889.8548 
-17412.8767 
1966.2397 
-2092.9189 
-10623.7974 
-8848.5055 
-1548.3597 
-3747.4863 
-9996.1595 
1658.2690 
-4549.2282 
-7097.2998 
-309.5823 
-1843.4852 
-1494.4022 
-525.0630 
-4146.0313 
-2965.1036 
-20629.1669 
-2218.0476 
93.2629 
-5440.0450 
-28321.6023 
-1580.1990 
-5568.1161 
-26620.3507 
-7754.7507 
-467.0026 
-4726.7596 
-3913.9695 
-11059.9641 
-10333.0628 
178.8895 
-683.5053 
-11911.1944 
-9156.4684 
9858.3022 
142.9746 
-2636.9168 
8054.7814 
-4707.5012 
4535.1003 
-768.1111 
-2487.9101 
-4593.5665 
3391.2300 
-524.7257 
1165.1995 
-1063.6957 
-625.2604 
-17957.9451 
1314.0460 
-26608.7123 
-10248.2005 
597.4244 
-1851.4715 
10687.9567 
720.1567 
-21794.7760 
-24409.9693 
-19375.0097 
725.2793 
72.5548 
-3474.5807 
-838.2168 
-7129.1492 
250.5612 
-70.5138 
-7772.0438 
-6909.6241 
5836.2395 
-1417.3206 
-10831.7111 
-2695.0761 
-5939.3124 
-888.3408 
-4515.1937 
-2928.9441 
-7938.3784 
-6997.2218 
-1292.8543 
-1262.0494 
-5575.6570 
-622.2066 
-25533.8116 
-3248.2417 
-29882.1306 
-15857.5935 
541.5686 
-8806.3321 
-36208.6793 
-3.3451 
-17728.1544 
-11689.4651 
-29027.7214 
-178.5060 
-2754.6501 
-4001.1140 
-13546.8256 
-1501.9348 
-2139.0668 
370.6522 
-7933.2232 
-9427.9823 
13284.1977 
3770.2716 
328.0228 
4605.6663 
1903.0810 
1438.6509 
-299.0155 
2880.1971 
-8157.4930 
-4455.3397 
2056.0133 
430.0275 
-2287.8642 
-508.4278 
-28892.6827 
2672.1436 
-36614.1343 
-8834.7085 
1312.1231 
-14595.3440 
-6042.1633 
-1002.5588 
-24810.3100 
-4307.7978 
-9793.8758 
-496.2430 
517.4032 
-4428.0924 
-1626.9632 
-5088.6676 
-2485.6376 
103.0703 
-6035.7557 
-12540.2591 
14859.3578 
2687.9729 
-1259.9688 
509.1645 
1562.7730 
-995.4559 
3482.3799 
-112.6721 
2435.3383 
279.5847 
737.7467 
-1039.3056 
-2814.1837 
-493.0378 
-12962.1167 
1948.1732 
-13969.1708 
11908.5495 
70.2159 
-4604.0152 
10188.2876 
-4.9441 
3619.0518 
-5773.4054 
-4538.1054 
213.4941 
-970.7175 
-2510.6852 
-5207.4619 
7503.8343 
1059.7363 
-325.5149 
4337.0954 
10491.8649 
7831.9772 
3319.4617 
8386.3401 
8296.7112 
3015.8042 
3869.1939 
12330.1620 
1911.5565 
3431.2461 
4540.7341 
6564.3716 
1320.6195 
716.1680 
-142.1292 
10660.3444 
3685.6131 
-10265.9660 
13858.9984 
1103.4778 
5319.9519 
20653.4724 
1780.8335 
3732.4862 
739.3372 
23054.4920 
229.0408 
2610.9065 
1521.8800 
5573.1762 
4210.6914 
529.7010 
-355.9180 
212.7652 
9683.6268 
-2825.2010 
247.7439 
-5477.6959 
553.5465 
-6912.6587 
1361.9601 
-4937.7738 
-6337.8889 
-5717.8491 
-1913.9251 
-1025.6282 
574.8473 
-3378.5848 
245.6081 
-17452.4982 
4338.9106 
-34378.9979 
-17319.7354 
-391.0562 
-8988.2715 
-17942.4181 
1055.8516 
-29982.8683 
-15530.3209 
-14492.9622 
-380.5057 
-1132.1687 
-1403.0508 
5879.6779 
-6987.5543 
-944.6660 
308.2323 
-11314.3085 
-18075.5968 
8643.9117 
-4232.5762 
-3267.5822 
-991.6737 
-2223.6205 
2611.2721 
991.7306 
-3527.9747 
-3984.5034 
-5120.7232 
3197.5510 
-823.4680 
-1813.2830 
119.8707 
-13309.3358 
2826.4321 
-13393.7342 
-6538.8641 
915.6125 
-2149.0718 
-4492.7624 
-595.8602 
-10374.8571 
-13594.4955 
-3176.8217 
-504.8511 
-3838.5968 
-3689.2821 
4524.2632 
-2379.8520 
-3094.6271 
-164.6501 
-6781.8335 
-2641.9252 
-3473.1911 
1874.8781 
16748.7035 
-4731.4534 
6646.0756 
1847.7059 
16115.0459 
3098.0766 
6616.9526 
83.3765 
3325.2747 
-889.7664 
3663.5466 
359.0249 
14853.6746 
-124.5627 
14021.4332 
8777.5955 
-322.1023 
-4628.6331 
-26690.5013 
-1204.7594 
7149.4269 
-6145.6977 
-4610.1437 
367.6013 
-3700.8084 
1624.3046 
-6181.1787 
-1038.5985 
2657.1486 
1079.8422 
-495.6476 
-814.8184 
-1158.6019 
-429.9333 
5305.9699 
-3366.4416 
2102.4951 
-1886.7131 
905.2658 
-4598.5860 
445.9417 
-2694.2168 
1711.4894 
-2157.9727 
-3219.6918 
969.6349 
-4956.6286 
1447.0925 
-677.3416 
22847.1812 
-368.5330 
-6089.8923 
-18337.6703 
1041.7804 
12575.4513 
1274.6403 
-17468.9467 
-591.9238 
-2773.8212 
272.6592 
-1637.2195 
-5093.0440 
1864.5471 
42.5885 
-5727.4787 
-10333.2675 
7317.1533 
1489.8457 
8101.9497 
1469.6416 
3462.1278 
1909.1232 
6193.5434 
562.7684 
7360.2173 
-607.2786 
8599.0803 
-405.1878 
103.6930 
1336.8932 
18408.2822 
2575.1116 
10837.6427 
3507.8494 
-140.7707 
-2221.2193 
-8662.7301 
-1464.8285 
14552.7876 
12308.5470 
23116.5044 
611.2138 
-4123.8509 
3832.2545 
-5282.0607 
3109.2965 
165.2474 
-910.7238 
3925.4477 
6123.1536 
1904.3168 
544.4066 
16342.3384 
4549.6582 
1998.8218 
7402.3811 
-1318.9564 
728.1954 
-2387.9392 
7113.9629 
2857.0522 
564.4837 
634.4538 
921.9430 
-2298.9165 
6416.2288 
-2902.2511 
18.2202 
978.2573 
18576.2657 
23576.4216 
1799.7167 
5576.2235 
-5393.0972 
8421.9867 
219.1334 
-1285.6573 
564.7849 
9274.0614 
6500.6176 
1443.5675 
-351.8380 
5950.1245 
14817.8570 
-338.4274 
4047.3294 
859.2548 
-693.7293 
-3700.3186 
1069.4924 
-5518.9809 
990.5549 
-3368.9872 
-7419.5014 
-2781.9994 
-1379.2427 
-4053.2412 
-1006.1795 
-26173.9856 
-3325.5161 
-40390.2582 
-8303.8876 
759.6182 
-2701.1795 
-1578.1921 
41.9399 
-15839.5430 
-28415.9304 
-15569.1702 
-674.5703 
-945.7559 
-3462.0226 
-2734.0633 
-3297.0352 
-1006.1111 
901.5557 
-1760.1468 
-10986.2969 
8339.2248 
685.0335 
12126.0860 
1934.1857 
3370.9687 
6149.8698 
6087.5123 
-2623.5201 
1514.1884 
2453.0015 
3867.4468 
768.5967 
3314.8396 
1000.7309 
-6492.1706 
2153.5246 
11312.0894 
8422.7560 
1329.5286 
15703.8023 
11120.0159 
484.2153 
16472.3439 
-6803.3531 
15735.9416 
312.6626 
-1394.9449 
-2317.1621 
-2637.0462 
9244.8360 
1501.2332 
-76.6808 
-4366.1684 
17695.3393 
-13297.6947 
-821.5898 
-9783.0903 
2252.9411 
-4190.9630 
-2873.3371 
-4965.9793 
-5759.8734 
-8614.2444 
-7278.1203 
-7816.1460 
-1140.0967 
-2164.2584 
-1016.3823 
-18233.3666 
-4025.0117 
-38207.5835 
-17804.6035 
142.9188 
-2273.3034 
-32307.6528 
677.3654 
-24732.0580 
-15692.2659 
-30687.3313 
-127.3015 
-2740.8108 
-2764.6664 
-15176.6063 
-9160.7782 
-3113.1883 
-1527.9730 
-16535.5487 
-24287.0128 
3163.1688 
-176.0978 
8992.4377 
4711.9035 
2458.8793 
1999.9851 
-2592.8142 
2443.3830 
1698.7186 
-1146.8763 
2994.3450 
346.9680 
-448.6134 
303.0977 
12357.8866 
1798.1421 
-2036.1732 
-2257.4993 
-1236.3861 
-1479.6247 
-15896.8695 
-90.3657 
6373.0093 
-3411.2396 
-1258.3182 
-273.3350 
-1491.0182 
539.8162 
7194.4948 
-1661.1356 
-1677.0914 
927.9496 
15101.7575 
-4457.2983 
1639.2402 
-6308.1402 
1061.4569 
-7425.2005 
-3755.0431 
-5213.3363 
-3248.7898 
1419.3904 
-7620.2542 
-6599.1212 
4554.4998 
-1980.0040 
-2112.0183 
-662.7583 
-20059.6907 
-339.1028 
-27142.6020 
-9983.3183 
-387.8372 
-14014.0704 
-13526.7492 
-632.7510 
-3018.6927 
-18125.9335 
-2900.2363 
110.9392 
-783.0883 
-4497.4950 
-7570.7237 
1699.5627 
-2320.2247 
709.4738 
-7252.1656 
-3547.7517 
690.1643 
-1853.4217 
2084.9341 
2364.5506 
-4045.1241 
-304.4814 
-2420.8676 
-263.4181 
-5350.5005 
-3069.2388 
380.1463 
871.0617 
-2171.2531 
-731.0230 
567.8988 
-1771.7040 
-10148.0239 
193.2496 
-799.5442 
-446.2449 
4796.0953 
-1045.4570 
8472.3637 
-2302.3130 
7208.7528 
-239.4188 
-1453.5323 
-311.1380 
2722.7565 
-4529.5156 
-529.0056 
-280.6431 
419.5891 
3164.8622 
4706.9403 
-2260.0440 
5418.9252 
-483.4083 
1781.3023 
4272.8490 
2851.2052 
-4743.2630 
-7574.9930 
2564.3830 
3613.5130 
2490.2354 
2996.3804 
-215.6618 
7876.2685 
-2549.0631 
3575.8559 
4041.3979 
1684.7186 
11537.2294 
33966.7913 
1760.5404 
10603.8597 
5267.2977 
23223.9928 
599.6960 
4449.6796 
-2517.3907 
6586.3894 
3168.7419 
2058.8268 
153.5672 
3934.3721 
23979.2635 
3150.8450 
-842.3851 
4893.4421 
409.7225 
6092.0877 
-1512.4149 
2704.6929 
-3333.7110 
-2412.9211 
1997.2622 
4694.2272 
384.1823 
462.9980 
-36.9632 
4332.1355 
-2418.5480 
9242.6330 
418.1930 
283.0538 
678.4628 
9776.4472 
1341.6394 
8450.1386 
16185.4244 
10828.3871 
51.5674 
286.3443 
-124.0023 
2344.9845 
3823.2064 
-1784.1658 
-991.2367 
1087.2793 
12556.4722 
3254.8941 
610.8754 
1088.9784 
-5685.5687 
4611.5953 
-4070.6871 
5304.7586 
2043.5329 
-291.7557 
-461.0579 
896.9822 
-186.3050 
-2323.3570 
390.4704 
4932.3201 
-56.8800 
6613.4861 
1464.3183 
-139.5191 
4726.0053 
-2852.7549 
-305.1478 
13638.8860 
-2256.7555 
18986.9624 
-305.9761 
-930.2510 
-664.3781 
-2382.0786 
5517.5759 
-1551.4180 
209.8060 
9034.0382 
8687.7892 
8946.4910 
6830.3602 
17783.4756 
3747.6388 
7006.5461 
3374.9905 
11177.3040 
1279.2910 
4302.9072 
297.7478 
944.3453 
2372.1257 
1250.3235 
741.0101 
9033.3981 
6078.5805 
13464.9459 
20307.4607 
-52.7966 
4401.3126 
16591.0759 
91.0632 
19952.1337 
8960.5434 
10466.9696 
-165.4194 
1432.9612 
-332.3539 
-277.8172 
5501.4073 
2402.1425 
554.8093 
14362.0720 
15736.2914 
8837.1439 
4665.5217 
3512.0226 
-584.2245 
3807.6595 
-3306.5455 
23033.6467 
4303.6107 
-2626.1166 
-1762.9162 
-767.3556 
-1740.3084 
-2133.3278 
-468.8556 
-28856.6025 
5967.6553 
-11760.2491 
10003.3388 
1.4805 
-12494.6853 
-13273.7187 
910.2381 
4130.4035 
-11865.9227 
91.1223 
-750.8076 
-268.2289 
421.4437 
-347.8548 
-7344.4604 
-2251.8831 
1455.5907 
17386.9959 
5033.6740 
13021.0060 
2650.5488 
-4775.3574 
6678.5308 
-907.9938 
-406.2744 
901.6347 
3236.8916 
-6659.6026 
-479.7689 
2368.8395 
692.8233 
-11.7838 
-505.7555 
-7980.8008 
7815.9738 
-24112.7339 
333.1612 
461.7300 
-6372.3712 
-4889.5561 
2011.6073 
-5986.8284 
7266.9328 
8407.4869 
-419.9325 
-322.3785 
-1822.2651 
10514.6878 
-605.8840 
-2469.2400 
411.0066 
9240.5090 
-7026.1332 
2909.5891 
-6028.1816 
4084.1251 
-327.7328 
2495.6229 
316.3064 
9445.8265 
-2421.2556 
-3306.1716 
6526.8000 
-1452.0784 
-912.6912 
2550.1823 
421.7045 
-4188.0804 
-4205.1971 
10374.0529 
540.0771 
-48.8941 
-1199.0426 
-11563.7137 
1958.6356 
-3211.4438 
-20057.9445 
8000.4415 
-504.3189 
-1000.1403 
379.6537 
4951.8519 
-9831.4496 
488.4348 
672.8967 
-7026.0719 
4109.8043 
-2609.2664 
-223.5614 
6694.0452 
1976.4069 
2084.6222 
5794.1024 
6352.3524 
2519.2910 
5628.4961 
1532.2902 
5614.5632 
-509.0821 
3237.6333 
1149.9123 
-1118.8724 
2430.8617 
6267.2654 
5575.6085 
-18.0277 
8113.8272 
7403.9438 
-305.2756 
11789.3728 
-4267.1880 
-1721.3715 
-619.8187 
-2295.8126 
-201.0605 
-2219.5398 
1006.2109 
3585.7807 
-423.0585 
-1153.3682 
22987.0219 
4165.3063 
-3980.4490 
3004.0844 
-1386.3626 
1478.1171 
3391.1528 
-618.6990 
7203.0080 
-5174.8075 
1050.2982 
528.7122 
-688.4256 
-1070.7967 
764.8395 
-9742.8387 
4383.0903 
-1410.2970 
892.6509 
635.4767 
-134.6132 
2418.9205 
1429.0356 
-15616.4982 
-3156.6048 
-5197.5707 
-188.1784 
1556.9541 
-2312.7749 
-4106.7367 
-2565.9188 
1406.7673 
756.6468 
-903.8160 
-8478.1856 
4410.8835 
-3904.3345 
5991.4628 
-9803.5551 
-3388.2923 
-3800.7785 
-15300.6808 
-3330.5367 
-3891.4812 
-9316.6543 
2258.2966 
-1649.3154 
-1774.5829 
330.4857 
-15207.7553 
-3988.2722 
-36401.7182 
9074.1710 
-1021.5748 
-11347.1229 
-22419.2643 
-71.6090 
-2923.4922 
-12997.0564 
-12869.1297 
-612.3921 
-4747.5624 
-2086.7355 
-9791.3028 
-1321.0027 
850.6283 
797.1257 
-503.1435 
-5372.5244 
1906.4510 
-4349.7129 
-5742.9361 
442.3498 
-3365.4989 
-4496.2220 
1014.8272 
-4052.7079 
-2781.2041 
-4777.1099 
-689.2861 
-488.5121 
504.7259 
-146.7817 
-8448.4364 
-3524.5187 
-21715.0153 
-21030.2427 
-122.8817 
-11477.6341 
-36179.8347 
-1085.0829 
-2969.0388 
-19957.2192 
4339.5224 
-173.2033 
330.1134 
-4542.6238 
-2867.7932 
-3919.2536 
-2014.0814 
-634.2914 
-11669.4901 
-15991.1095 
-4058.8969 
-3983.9234 
2145.8200 
834.9415 
-1372.6609 
-732.5183 
-13212.2581 
-3767.2095 
-3855.2809 
-4328.1082 
266.1091 
-1597.2254 
-3090.4005 
308.5480 
-28284.5531 
-599.0252 
-31654.9430 
-186.0588 
-580.6913 
-13196.3879 
-13374.9350 
1002.4821 
-12904.7171 
-20248.5343 
-21083.5643 
112.1920 
18.4844 
-110.5905 
-5561.4215 
-6989.4095 
-57.4341 
1320.8085 
-3176.5100 
-9704.4575 
5534.0094 
1902.2023 
10208.5940 
5668.9935 
1499.2468 
2790.5332 
22592.8383 
-441.7658 
4814.4183 
733.0296 
677.9371 
366.5738 
-21.3292 
-352.6302 
-7314.6449 
4832.5869 
-16611.2315 
6649.8339 
627.4506 
3574.3340 
10423.7405 
1882.3696 
10064.2098 
12903.2732 
19174.8675 
135.9539 
986.1804 
1816.7794 
5279.4820 
-1140.7007 
-1077.4294 
128.6035 
2068.2841 
19712.5089 
-4566.7828 
-4681.6339 
-2633.7221 
-5183.9555 
-5618.1618 
383.3298 
383.3614 
-4103.1761 
-1214.4395 
-8291.7478 
-6085.9229 
-328.2653 
-2322.3364 
-940.6816 
-9765.0823 
-268.4034 
-30238.1854 
-19677.0639 
-172.5980 
-3794.0753 
-10006.4491 
-649.7627 
-2532.9555 
-9247.0140 
-13572.2403 
176.8496 
-3171.4285 
-2251.6851 
-10749.8648 
-7441.8637 
-2888.8087 
-136.9810 
-15565.2616 
-421.6262 
18541.7217 
2640.8975 
2845.3327 
5513.2222 
3030.9512 
6523.5569 
22331.5217 
7855.7836 
-7830.2802 
-2297.2613 
3424.2960 
-1516.7982 
-1002.3911 
332.8425 
-13284.0049 
6679.5300 
-28966.6384 
-4869.1103 
982.9865 
-11063.7610 
-25586.4847 
1074.1072 
-19460.0448 
3665.7640 
-6551.5993 
286.4384 
4855.3601 
-3338.6899 
14212.9677 
-6180.4302 
-43.3566 
1471.2131 
5831.3800 
15258.8967 
14095.8825 
3888.4804 
-276.9201 
-2276.5172 
-545.1958 
-317.8468 
15926.1065 
-219.4394 
983.3895 
-5609.0883 
2910.6317 
817.5368 
-2789.4530 
784.2939 
334.0672 
1915.3381 
-19372.8366 
811.0527 
1146.2827 
-340.7535 
-4497.6853 
176.8274 
-1244.5270 
-2045.5077 
1400.8919 
-447.6472 
3640.8002 
759.9442 
7946.6490 
5951.9410 
-836.3762 
1402.5705 
4501.0152 
11953.0521 
8269.8865 
2801.6725 
5890.0222 
4174.6303 
7636.5811 
7107.7886 
6388.3561 
4492.1504 
5378.0074 
-2233.2989 
-530.8673 
1494.2195 
-1009.1539 
1092.1636 
15393.5810 
638.8443 
26818.7302 
15168.7040 
-184.3384 
4957.8552 
25399.8200 
1433.9566 
16924.6125 
31084.9861 
19190.8834 
38.2705 
1898.6878 
3730.8522 
5430.8201 
10437.5268 
1325.9758 
1350.6821 
10710.0837 
18072.7286 
9402.9525 
413.6937 
-5750.6705 
2482.3462 
-19.3975 
1226.3151 
7373.4217 
423.8783 
-2685.4575 
-3020.0411 
224.5245 
-381.2178 
919.7279 
-203.3885 
-15655.6666 
5463.7863 
-25957.7255 
5308.4169 
612.0068 
603.6768 
10323.9728 
1860.1042 
11396.9101 
-5537.4330 
-13017.6920 
74.6989 
2819.5239 
-1081.9042 
8499.6210 
-2473.3713 
59.5882 
1436.6731 
-3865.2795 
-5193.9561 
21544.8791 
5622.3572 
17447.6668 
1761.0932 
8023.1096 
8119.0034 
21572.9898 
6792.1775 
2643.5596 
4286.4972 
5534.6933 
1886.8693 
1161.6158 
657.3367 
2114.3460 
6714.0567 
86.7648 
23306.3818 
1612.7313 
10259.0538 
29655.6088 
2051.0138 
31919.4425 
39987.5201 
25847.2389 
633.8648 
3296.8186 
4569.0331 
10940.2818 
6117.6631 
1454.7928 
-719.9056 
19814.7544 
24546.0809 
8500.2918 
2532.4077 
1579.8833 
6010.1418 
3841.9364 
1755.1082 
13135.8996 
5652.0278 
358.9956 
-1839.4374 
6083.2991 
656.1069 
1702.3802 
810.3114 
-10247.1240 
2651.2563 
-8584.0282 
20841.4413 
905.4686 
768.1418 
26885.1948 
1807.2322 
11359.0823 
7897.1277 
5409.5034 
-555.3675 
177.1895 
2201.8627 
2168.1054 
7893.5019 
2050.1610 
1241.4215 
3498.9299 
16637.5774 
16089.7521 
7601.5649 
20926.7726 
1599.0990 
2776.4183 
-3450.5940 
17961.7630 
2578.6173 
9139.8870 
3878.4687 
8664.3365 
-868.9981 
1540.9953 
283.6118 
16267.8948 
9505.4925 
25769.9063 
42978.9818 
709.0935 
7367.3756 
50162.2010 
1407.7674 
46040.0251 
19166.9379 
25882.3181 
439.8942 
2154.8311 
1641.1896 
-1471.4290 
16663.4525 
2295.6223 
323.2121 
14055.5937 
46446.3778 
9301.6559 
5789.9598 
8220.1448 
2887.3254 
3412.8543 
-2699.2685 
17796.8579 
-862.7575 
2385.1118 
3970.1296 
-2132.8861 
-1747.4759 
363.6679 
934.3611 
14978.3050 
4420.0180 
15770.2668 
16719.6281 
444.6899 
10230.4400 
28465.5431 
1198.1552 
26955.7283 
19083.2834 
28211.7839 
-14.8109 
3048.9756 
133.5816 
-5362.4547 
13059.5942 
551.2082 
1471.4290 
4690.0971 
22201.3358 
3232.2403 
-1496.1517 
-8481.2715 
30.4955 
-2999.8705 
-3376.8514 
1060.4885 
3302.8979 
-2858.6431 
-9345.3745 
3865.7926 
-862.1646 
-2680.9152 
-679.9052 
-11962.6981 
7450.3833 
-29595.2451 
-2813.0364 
277.2409 
2206.9683 
-15611.9602 
-498.0614 
-18711.4404 
-12391.8604 
-18728.6204 
-65.3512 
-714.8810 
-2838.0042 
-1714.8281 
-8587.3060 
-2840.8456 
-1323.9897 
-7917.5315 
-15571.7134 
13305.4935 
3587.6371 
13772.4911 
8462.2234 
8115.6494 
4220.3980 
27592.7675 
3210.3000 
2612.5233 
6269.2852 
5486.9286 
112.3009 
3250.0500 
383.2866 
17575.5931 
1153.2590 
31014.8236 
29305.1307 
144.3878 
18595.9816 
38457.4913 
1777.1738 
31656.5703 
37925.7300 
29210.1489 
240.1097 
1595.0758 
1733.3472 
12218.1030 
10579.1243 
1178.7729 
1393.8150 
13249.4071 
38585.2967 
2156.7928 
-547.7558 
15543.9082 
3497.4469 
5267.9374 
4549.1379 
7699.9662 
3569.8328 
-1885.2241 
-4033.1723 
647.1506 
-797.6432 
-2551.2157 
-716.0811 
-13333.3671 
-1007.2703 
-24708.7055 
-3444.0598 
61.7149 
-5385.2323 
-19532.3823 
1402.5561 
10100.4096 
7160.9318 
9202.7183 
-673.3689 
-333.6941 
249.3360 
-4257.3741 
-3765.6432 
316.6768 
953.4419 
15904.8740 
9986.9894 
9770.7969 
2409.3387 
4737.9070 
6295.7681 
-3995.6195 
7384.8751 
1538.2919 
-306.2559 
-1292.7380 
-1228.8572 
-2660.4244 
-297.2308 
-2852.1854 
437.4325 
-4879.1876 
1820.0742 
-18818.1851 
-810.6654 
675.6842 
-739.5211 
-3147.4244 
1016.1979 
10338.2594 
1917.9885 
2368.2825 
-404.1547 
1218.7878 
-1272.9759 
6143.7635 
-1075.3799 
-59.6192 
144.3837 
6793.9508 
13355.4204 
-1935.2617 
-2151.2330 
9387.4384 
-4849.6034 
1755.4223 
4401.4255 
-15006.2600 
-5336.5666 
-3507.1133 
-5123.8343 
-4099.1423 
-1565.5850 
-3902.9880 
509.5821 
-20396.4708 
1940.7546 
-36583.9447 
1087.1547 
-1344.3885 
-8469.5363 
-26134.2944 
-1404.2942 
-11724.4758 
340.1470 
-9394.3836 
-497.3099 
2770.6521 
-1294.7416 
4677.2552 
-8827.8907 
-357.3780 
667.1183 
-256.1114 
-4698.1712 
14653.0856 
5362.0813 
10990.9597 
4687.1278 
422.0054 
483.0158 
13471.3272 
4336.5043 
-2263.8652 
499.6988 
1351.9354 
1672.6578 
-858.2426 
732.7439 
-9007.9017 
2401.5455 
-9599.9164 
15272.3421 
944.3351 
-827.0412 
17505.6211 
1646.1738 
24341.7099 
-4349.5870 
12100.7460 
370.9323 
2885.1790 
-709.7826 
5597.6728 
4150.1041 
441.7861 
415.3194 
3137.7484 
24269.9327 
5311.2191 
-1217.0559 
-12586.9303 
-3726.0909 
-11242.6158 
-1638.6393 
-13546.0458 
-4988.4730 
-9554.4385 
-3488.9613 
-1410.4183 
-1401.9848 
-3640.2188 
-820.4855 
-16264.1087 
665.4467 
-33644.1297 
-18201.9179 
196.2547 
-6592.4900 
-23673.8524 
52.9607 
-11304.6958 
-23743.7704 
-17998.6281 
-237.5978 
-4331.9410 
-4493.8858 
-2187.0639 
-3824.5975 
-3096.5284 
1232.5870 
-6373.9583 
-14128.7895 
15998.9807 
2467.4166 
4904.0941 
1461.0406 
2081.8783 
987.4232 
2981.4040 
4517.5779 
-3898.8384 
-2231.5474 
-3545.7805 
1900.8113 
-981.5595 
1071.5938 
-15900.8951 
4168.0345 
-10344.4604 
8414.9868 
707.5424 
1129.6917 
9967.4909 
1293.5439 
15788.6195 
-28.9962 
6279.4237 
-315.2860 
475.0896 
1714.7756 
11905.1795 
-3045.0350 
2926.6913 
993.0046 
5900.9183 
16818.3286 
5170.2485 
-1625.4049 
-479.4756 
233.0362 
-7923.2220 
319.0370 
15567.4616 
1442.4586 
-5549.9033 
-2508.4482 
294.9921 
738.1340 
-2330.6505 
607.7864 
-18552.6377 
-1639.1432 
-20026.1055 
4714.4261 
-548.2680 
-12621.3332 
-12284.1354 
-1118.0276 
4514.5386 
6872.1278 
-15343.2922 
-84.2215 
5084.0421 
-2103.0545 
8621.6150 
-6443.3048 
-684.2143 
1370.4110 
3520.4307 
-10000.7548 
7849.7491 
1945.3231 
-2201.4234 
2862.7184 
5095.1268 
735.6828 
-5139.5107 
-4051.5692 
-5217.3949 
-4468.4367 
2458.8870 
-1254.4342 
-2532.9941 
-427.2633 
-11905.9099 
2870.7282 
-36503.0788 
10931.5537 
-232.6082 
-8152.7757 
-807.9750 
6.9763 
-3509.4913 
-3059.7385 
-1324.2964 
203.2527 
-1069.4285 
-2394.4094 
3643.1090 
-3691.2136 
274.5959 
1351.5225 
4899.5960 
763.6686 
-641.9344 
2038.8602 
-5093.2896 
-5988.7197 
-3079.6088 
-164.3926 
-9842.1911 
-1429.1628 
-7017.8851 
-4786.9556 
-2552.3638 
-1306.4369 
-1995.9880 
-1609.9790 
-25504.8590 
3411.3020 
-47281.8413 
-15032.0650 
811.2723 
-10144.3848 
-33248.1302 
-865.1700 
-24607.7340 
-20456.0814 
-29027.7336 
-644.1916 
-5905.5031 
-4330.8850 
-6171.7542 
-11947.3692 
-1503.3796 
-999.8894 
-9022.1185 
3689.0933 
3555.5268 
-492.5235 
1867.9036 
-628.7021 
674.7311 
496.4593 
-669.9491 
1746.9805 
-7336.4916 
-4070.1221 
-1523.7464 
-886.5299 
-3127.6741 
346.6787 
-14692.8951 
3169.8824 
-27178.5320 
-8358.1452 
736.3489 
-15923.7940 
-8684.8773 
206.9609 
-2428.6632 
-27461.9681 
-3549.9056 
-184.0932 
3175.9570 
-3494.7377 
-1367.6184 
176.8110 
-614.5761 
662.3081 
-11404.2062 
3792.8564 
18285.9635 
7833.5107 
9080.4973 
13342.7312 
3865.1421 
7956.3209 
34707.2771 
3927.1680 
2480.9310 
7889.9501 
10341.7831 
2292.0229 
5571.6818 
-770.2383 
-7894.2533 
10276.0096 
3450.0223 
36272.1925 
435.3990 
18815.4701 
43141.2156 
1244.3185 
45943.1010 
46767.3281 
49425.4664 
749.5645 
2988.3721 
-589.5296 
15910.5320 
13646.6314 
936.2065 
1121.2287 
14931.6698 
46245.5741 
9451.1103 
2259.0356 
7119.4833 
-1951.5276 
4841.9976 
-4819.6371 
9935.3706 
4112.2834 
-8854.0882 
-2972.4646 
7096.2736 
-1305.3121 
-4606.0151 
-1087.3753 
-8003.6105 
3590.7658 
-26150.2911 
-2094.9144 
271.9651 
-19863.8521 
-17408.4920 
1764.5003 
12805.9740 
16608.6189 
13416.5141 
-634.5341 
1548.1732 
-1935.8213 
2219.5008 
-1406.3166 
-80.0473 
937.9687 
5800.8105 
24960.7652 
11878.7873 
-1207.0715 
-4908.6037 
-1814.5682 
-4728.8055 
2590.6111 
4879.5907 
-5742.4559 
-4167.5561 
-2854.1677 
2012.8739 
-1833.4554 
889.0983 
-1243.0725 
-28569.8797 
-2305.4978 
-37983.5628 
8477.3528 
-129.4790 
-208.2133 
-17625.2505 
1071.7857 
-21467.7867 
-27394.1284 
-6898.4559 
566.0263 
-3406.7430 
-3265.6834 
-6030.9674 
-4509.7068 
-2722.9399 
1307.3928 
2271.6327 
13258.0362 
2931.0088 
2322.7785 
-438.0168 
7813.6703 
-5198.7680 
5702.4838 
6610.5958 
1473.2661 
2660.5745 
-148.8579 
-3950.3917 
493.5299 
203.7739 
706.6371 
-17780.4382 
1889.6146 
-16179.3095 
20069.5831 
547.4134 
8807.9820 
31630.5164 
679.1295 
18055.5919 
-1248.1669 
-12084.5375 
27.2602 
4671.4997 
-304.2284 
1454.4275 
13067.4837 
-260.0409 
1468.0132 
9352.0192 
15726.3234 
7442.4917 
2040.9271 
6311.7907 
3433.8118 
-1937.6851 
4354.8771 
6157.9119 
2401.6453 
-2447.9467 
-2403.0684 
2306.4330 
986.6844 
1514.2404 
62.7583 
1873.5982 
1993.3390 
-15722.9896 
8301.3505 
522.5891 
3454.3868 
9085.8232 
-640.3045 
-545.5502 
-45.4392 
4168.7775 
-106.9442 
1721.0618 
-497.9720 
7430.1672 
685.9259 
-347.2124 
1508.1899 
9142.5919 
13963.3110 
6983.6643 
652.0876 
-10081.5662 
4185.7793 
-7686.7029 
2709.4232 
-1936.3814 
1640.3367 
-3283.5293 
-4743.3295 
2619.0403 
-1774.9375 
292.1307 
-1248.1967 
-6119.4420 
1696.8445 
-17937.7872 
-12482.6293 
811.3368 
-1964.7038 
898.1931 
-56.0514 
-5098.8428 
3712.6006 
-12962.6812 
-292.2512 
-1780.5910 
-3521.2324 
5851.5119 
-6157.5530 
-1852.9404 
1211.5040 
-11228.2307 
-7706.7486 
6007.5642 
5105.1734 
877.4975 
5590.9207 
-4723.0285 
5148.5146 
6932.5629 
1005.1477 
3493.0082 
-847.6670 
2480.7040 
-41.9044 
-277.1057 
472.2261 
-151.6738 
1257.2007 
-7904.6442 
12122.4663 
968.6201 
2847.1077 
17520.6704 
-365.0993 
17538.7686 
10888.7992 
28257.1288 
-219.8023 
802.1534 
1825.0628 
8013.2824 
5887.9585 
1469.7665 
1536.3760 
-1203.3397 
-2606.8640 
15676.7932 
5677.9474 
12583.2575 
1961.9898 
5793.7465 
2440.0300 
5319.1576 
5735.9773 
94.4184 
1957.5903 
545.4498 
653.0619 
1439.0257 
1215.9712 
16542.3221 
3904.9409 
15005.7198 
13616.3962 
914.6263 
13089.4721 
35118.1362 
2196.3546 
21945.4699 
17056.5227 
2977.7612 
23.5181 
3648.8096 
1506.8828 
-2051.2689 
-971.5189 
1938.8133 
1538.8362 
17455.5966 
13900.3304 
12067.8285 
2113.0546 
435.1074 
733.9545 
4692.2519 
694.7398 
11827.9279 
-2717.9439 
-8096.7386 
460.3483 
-3107.1517 
163.9133 
852.6556 
835.6036 
-15837.5677 
2172.4541 
-23845.7428 
-2829.4754 
305.9214 
2604.9553 
-167.7299 
1961.9784 
-11861.9185 
-4968.1959 
-8843.5407 
-430.6264 
-742.1883 
-3380.9323 
3626.2612 
-921.0527 
289.4728 
444.9014 
13029.1165 
-3656.6203 
-106.1600 
-5381.1109 
67.1804 
-2130.0083 
-8038.4442 
2869.2665 
-203.3720 
-2732.9040 
-1535.9108 
-616.8857 
-6872.3182 
-144.6897 
-2018.2144 
-301.7908 
5915.9284 
-2623.9723 
-5297.0734 
-9641.5150 
-170.3802 
13069.1910 
30104.2182 
993.5819 
3855.4072 
-26420.8274 
-5603.4982 
-259.3612 
-2877.6988 
-1466.4822 
-6807.5356 
4573.6931 
-2171.5613 
-960.2935 
-10445.0768 
1979.3373 
-5940.1213 
4909.4884 
-6141.9373 
4219.8296 
4788.3247 
3200.6919 
-6635.1710 
681.7226 
-2029.3703 
-3217.9527 
4661.3206 
-110.5959 
519.1457 
595.8694 
-12365.4951 
616.0200 
-67.5640 
10722.0485 
948.9094 
-8343.1509 
-5508.2681 
311.8377 
2075.1009 
3099.4214 
-5773.9279 
-386.8767 
-2969.2234 
1770.4813 
7026.9105 
-3789.5785 
1012.3284 
-1110.8680 
-908.1819 
3680.3833 
8703.0349 
-2752.4886 
10172.9626 
1908.6699 
3956.8233 
3618.1628 
15138.2571 
-560.7681 
-4133.4897 
-472.4973 
954.1396 
213.5679 
4202.2963 
648.2466 
-4783.3579 
2242.1920 
-16212.0759 
26082.4374 
637.2387 
-4169.9868 
-9582.7360 
-848.2730 
15288.8581 
-564.4957 
-4521.6473 
-324.6880 
1739.5758 
-1872.0667 
3398.5297 
6434.8025 
-382.2960 
1234.7104 
7159.5683 
8265.2900 
5651.5471 
1824.6538 
4346.4022 
6522.2210 
-2716.4067 
1176.6423 
2936.4718 
4380.3976 
-3499.8565 
-3418.1097 
4520.0413 
1810.2247 
-3852.1311 
79.0760 
-11886.9078 
2146.9526 
-22072.8654 
19335.8535 
-204.1682 
1097.8956 
-986.1259 
1071.8880 
10655.3992 
14061.1830 
11487.2327 
-359.5611 
2880.9946 
1941.6474 
7267.2701 
755.9317 
-311.0717 
945.4039 
1938.2761 
12936.5128 
10336.9207 
2968.3653 
-4366.7057 
3212.2260 
-4034.0124 
-608.8221 
3506.9030 
-1764.0916 
-3366.0829 
-5016.1126 
-401.1925 
-975.2390 
-2116.4854 
-735.4950 
-21521.1582 
3229.4833 
-27343.2472 
-1084.9521 
979.3318 
-8400.7101 
-5551.1346 
1827.9214 
-21391.5741 
-763.6645 
-5121.2371 
532.3091 
994.6238 
-1866.0872 
2180.1098 
-5666.6612 
-1190.0961 
862.7802 
-2250.1663 
-11804.6038 
10906.9952 
6346.9269 
6049.0873 
1059.7797 
-783.4973 
1206.7802 
19710.4710 
-263.4447 
-3947.5231 
1274.3290 
-324.0708 
-939.8119 
274.9139 
-84.1240 
-16667.8954 
6128.6823 
-22238.6795 
24632.5140 
505.8934 
1441.6341 
13475.5482 
46.7131 
5842.8631 
-8475.7550 
-3929.1580 
-315.1596 
1952.7804 
-3000.2491 
2956.9421 
4909.8658 
494.4363 
-353.8971 
15357.8637 
13266.4476 
-12098.0651 
333.4212 
-4445.9557 
566.2427 
-2369.6347 
2176.2390 
-5949.3359 
1121.7120 
180.3835 
-985.9747 
-560.6507 
-258.8608 
427.3615 
-218.5312 
-8573.4137 
1973.1442 
-10141.2883 
-9146.3536 
-1306.4434 
-2118.3394 
-353.6714 
-202.4462 
-2980.4294 
-1261.5598 
6330.3374 
-95.9714 
-1723.2871 
2215.7291 
-611.8259 
6445.7237 
-3462.8602 
1194.0528 
1641.6115 
-2648.4964 
-3323.9137 
-458.0387 
-381.1520 
4053.5225 
-1442.2478 
2095.8877 
7501.1862 
-131.9609 
-2583.8122 
3760.2272 
-210.0483 
1292.5801 
154.0494 
496.9848 
-8381.3537 
1522.7700 
-20810.4331 
-9932.3625 
353.2286 
12040.7874 
11472.0006 
562.4303 
2634.5637 
-2472.3369 
11747.5124 
-300.3368 
-555.7953 
-2023.9045 
-13260.8480 
8860.2421 
1382.4679 
562.7954 
-14184.4419 
19536.0081 
6446.3329 
-2491.0304 
-2852.0822 
70.1123 
-4218.2225 
1698.7888 
-618.7290 
-6376.9689 
-6067.2362 
-8542.3128 
-417.5111 
-279.7977 
-296.0264 
-1195.6965 
-10139.3418 
-1527.9732 
-24361.8347 
5524.8563 
723.0804 
-7258.4707 
-9481.6524 
346.2493 
-3473.4125 
-9821.4433 
-7518.4366 
35.2599 
866.6085 
-1500.4712 
-3177.2409 
-4660.7880 
-1408.7158 
-90.0956 
-2488.6464 
5837.3752 
10580.6772 
2730.3686 
-3337.9096 
118.6444 
-6832.3972 
-1162.4316 
20691.5336 
-2257.9803 
547.4709 
1150.1036 
4272.3613 
1179.6259 
846.1900 
220.4760 
-6433.6244 
5789.2971 
-1828.2992 
-1120.3817 
836.7303 
4374.7165 
32636.4843 
2179.5277 
12221.7429 
22259.6862 
11893.0755 
-33.9931 
3749.5924 
-458.2532 
2759.1463 
5732.5736 
-1070.6367 
1123.5445 
972.8956 
17596.1801 
19929.3796 
3878.1660 
21155.1591 
-2500.2017 
931.8707 
958.3678 
14664.9128 
-1740.4242 
-1897.3086 
-7413.4125 
7076.4183 
-809.4238 
-3535.9273 
329.0476 
-16581.4835 
3326.1106 
-21684.0957 
18678.6425 
-467.3370 
-15534.7474 
-22409.4869 
1141.0607 
30938.7984 
878.7335 
13698.4050 
-206.1750 
-36.4291 
27.9329 
8762.2482 
-1678.3444 
3416.7817 
1452.1772 
15352.8149 
30021.1069 
13794.1124 
-1812.2543 
9451.8129 
11769.5227 
2347.5109 
8005.5381 
10482.4218 
4164.7272 
1009.2040 
6881.7070 
3535.9558 
258.8694 
914.2895 
2.3425 
-6336.5369 
5565.8790 
-2919.4978 
-3825.0109 
730.6098 
15793.6859 
55064.9520 
1662.9556 
-8153.9588 
8394.1503 
19627.4569 
541.5712 
5416.5728 
-3101.0860 
17141.6521 
15664.4211 
491.2682 
1100.1470 
2396.3631 
5527.9269 
6918.6446 
-4829.0700 
2585.9313 
-1809.8423 
-3662.5312 
3360.5116 
14742.2309 
2371.2943 
-1508.5176 
-6026.6863 
-1823.7204 
-316.9581 
-1656.3607 
-855.0069 
-9987.4680 
-48.0795 
-25144.8000 
-10070.0245 
533.1049 
176.1519 
-1845.9909 
-336.8239 
-1247.2162 
3822.7572 
-6535.1206 
173.2975 
-1391.6443 
-463.4027 
-4627.0984 
-4913.6729 
-3090.8980 
276.7786 
-4394.2155 
7217.2232 
23366.5385 
5382.9907 
11599.7776 
4708.8688 
7200.8360 
6824.9239 
28867.9404 
8040.6573 
-4014.1023 
-1684.3041 
4416.5136 
-1365.4426 
66.9710 
826.8752 
-569.9413 
7121.6244 
-7538.1250 
13933.4472 
778.0147 
-1444.7098 
-6848.2701 
1095.4618 
4454.3343 
19298.3315 
18613.0404 
301.6227 
5178.5294 
-2742.6311 
13626.0469 
1459.8764 
1393.9751 
1515.1876 
17479.3303 
34284.6423 
16499.4235 
5944.1844 
2043.3467 
1478.0985 
750.4694 
-378.1486 
21497.4175 
2650.1096 
2807.7635 
-2953.3754 
4886.6020 
1129.9621 
-3474.4254 
1010.1349 
5770.5036 
3919.3094 
-13892.2368 
5928.9572 
1601.5361 
1925.9699 
11202.6712 
712.0458 
5745.1865 
11748.9399 
7207.5508 
-144.0123 
4490.4995 
1866.1452 
11001.6814 
9929.9351 
513.3756 
1530.5856 
9017.8762 
18273.7922 
9686.6198 
4243.4447 
7763.1337 
5587.8226 
10002.3340 
9506.2381 
15973.9658 
4713.0033 
6985.1175 
-554.1814 
660.1016 
2052.1411 
-846.2051 
1177.5178 
26176.5046 
4151.5602 
37192.6367 
20272.8549 
-247.7072 
10748.5930 
35138.6974 
1138.4203 
26248.3215 
33547.3440 
23691.2611 
357.1239 
4868.7530 
4409.8767 
8997.8967 
15377.4301 
3359.7931 
1550.8961 
18470.4870 
21001.5135 
9974.4030 
3259.7420 
-3100.3350 
2706.4107 
1773.0870 
310.3056 
8972.2820 
1035.4024 
2221.3251 
181.7780 
1302.8122 
-319.2910 
1417.8386 
140.8219 
-8460.7724 
4150.5781 
-11803.1360 
14539.6431 
815.8754 
9762.2030 
21727.6557 
1954.4429 
20982.3654 
3047.2501 
-798.4022 
-472.8231 
3858.8993 
-686.9079 
11640.0004 
5763.3240 
239.1988 
1487.9199 
1336.6654 
7170.9203 
15791.7652 
8099.5047 
21631.7992 
1726.8484 
10696.9205 
6056.8161 
17139.6933 
7924.9787 
6650.5616 
2038.4320 
9685.2689 
1867.3413 
1227.6100 
1396.5875 
14022.9490 
10256.8350 
14769.8784 
33239.4314 
1595.6077 
6751.0517 
26838.8640 
1759.2071 
40264.3081 
40143.8206 
30459.8246 
369.4560 
3126.3885 
4129.4911 
11803.1860 
5462.1066 
3394.1927 
821.1685 
23900.0152 
29822.4453 
350.1071 
584.8959 
-1389.2270 
10735.8583 
4455.7282 
7236.1025 
13395.6925 
6425.7060 
-211.6571 
1889.9839 
7377.0611 
-350.5754 
2062.0824 
1166.0987 
2790.5164 
4422.8087 
5715.4426 
19036.4746 
254.7378 
1725.5261 
19802.6549 
1230.9684 
9950.1626 
13799.9993 
4904.6175 
556.6586 
2022.7373 
4013.5693 
6053.7019 
1004.8157 
1472.7999 
1321.0409 
2329.7532 
-522.7856 
19701.9615 
6982.6009 
21684.0951 
4778.0404 
3503.4195 
-2496.3728 
29501.4936 
3870.2984 
8556.4102 
4605.7590 
8407.8755 
-383.0700 
877.4382 
480.9780 
19318.2658 
8950.3157 
18932.7141 
44000.2360 
907.1505 
14015.7640 
47803.5214 
1286.2840 
47752.8356 
21891.3166 
39447.8801 
343.5652 
1517.6171 
1078.3019 
-3754.2522 
18096.7298 
2722.1060 
1390.3774 
16643.1908 
44384.0546 
7590.6891 
247.3653 
1884.4881 
3226.0486 
3900.9957 
-2098.2815 
16119.5371 
61.1025 
-4070.2948 
-3250.4568 
-1855.2444 
-808.0065 
-1459.8665 
1151.4603 
-7290.1605 
3506.0218 
-842.8037 
2627.2550 
178.6269 
6219.0028 
28199.1670 
1248.9982 
7062.3319 
15318.4442 
15568.2249 
-123.1215 
2665.4067 
-445.6940 
-1803.2059 
8736.7087 
-995.3025 
1506.1322 
2003.9893 
7949.4009 
11309.4495 
-981.1107 
-5689.1962 
1317.6318 
843.3224 
-277.7455 
9699.3841 
7243.1822 
-2259.4706 
-9839.3399 
4199.5944 
-230.9228 
-1414.2602 
-705.9301 
-15057.2261 
6002.2553 
-34985.9948 
1804.6853 
29.2202 
1056.0190 
-468.5610 
-638.8492 
-15580.6481 
4319.1194 
-12718.2861 
10.8621 
3141.3813 
-2433.6937 
1506.2290 
-6041.4449 
-886.9759 
-510.7627 
2412.2659 
-5180.1286 
15396.2206 
5818.1895 
16237.6210 
12814.6638 
8692.5164 
4262.3428 
29477.6429 
6703.4180 
5177.6041 
10298.9462 
7823.0445 
2072.8614 
5800.4820 
445.5556 
19560.6444 
10293.7695 
40796.7092 
18339.1732 
38.9842 
19208.5804 
29607.7007 
1823.3128 
37647.2111 
39988.9551 
33211.4818 
367.8275 
5419.1495 
4228.0157 
16069.1048 
13585.7560 
720.9702 
1519.8110 
18326.9943 
43418.9805 
13530.2670 
4198.9603 
18388.5194 
5211.0698 
10268.2818 
8039.1739 
17398.1546 
5680.5511 
-3683.6791 
-705.8103 
5050.7423 
-1469.4670 
-2637.6350 
743.4848 
-4222.0367 
-2988.4917 
-3925.3967 
7466.1077 
246.1704 
-2296.3778 
-8474.0588 
1679.4057 
22631.0554 
35962.0750 
28723.5137 
-377.0179 
3085.5100 
4564.6795 
8400.2034 
4975.1085 
4159.9285 
1505.8528 
23855.7669 
21982.0650 
10880.7399 
5389.5948 
3833.5080 
10098.8359 
-835.6547 
7123.7236 
7914.0466 
3262.1206 
887.7298 
-3233.8767 
-2320.4281 
-1249.4961 
-2610.2861 
948.7076 
-2731.3517 
3922.6820 
-13265.4160 
4087.0046 
957.6435 
-3348.1088 
-2122.0178 
1094.3155 
16165.6709 
520.5811 
7066.9315 
-456.1871 
3009.3542 
-891.3877 
9898.6615 
-743.5289 
-46.1277 
36.6125 
11057.1018 
16824.3008 
12051.3879 
3970.9455 
15773.8200 
1922.0700 
7851.4033 
7364.2420 
10084.3847 
-2536.6388 
5090.8451 
-1770.8473 
-849.3817 
128.3217 
-887.2836 
1112.2138 
7246.4576 
8596.4678 
14821.0399 
25152.6375 
-1073.7173 
4641.4464 
28998.5351 
-735.6393 
13492.9598 
31385.9873 
18805.0300 
560.4794 
5131.9826 
4299.0106 
17357.9826 
-1869.4095 
3854.0446 
1467.3877 
18513.0238 
20138.0087 
18876.0975 
9233.1398 
15563.7967 
4425.4143 
8140.3860 
8915.4982 
24706.9356 
7388.4659 
5506.9012 
2298.4455 
1520.1665 
925.9980 
-364.4151 
1005.6315 
4349.3994 
4816.2953 
12690.3265 
31612.8516 
1177.6920 
7427.9206 
24338.0838 
1906.4142 
45090.0727 
13333.4300 
30089.6227 
259.0125 
6052.5025 
2950.6287 
13068.0747 
7118.5102 
3221.5037 
474.2458 
10915.5000 
35237.6259 
15979.8008 
1361.5810 
-10520.3546 
-2445.9783 
-8401.7918 
-4642.2568 
4479.9464 
-2653.5066 
-8546.4835 
1088.2036 
2608.3399 
35.1315 
-1698.0803 
-853.4122 
-4493.2662 
4592.8662 
-21000.5507 
-10314.5905 
408.1958 
2806.4913 
4015.3846 
1564.7839 
-7912.9931 
6727.1178 
4790.3965 
173.6093 
3285.8319 
-4217.0897 
-3375.0840 
3624.9566 
-3202.2086 
1447.4740 
-2514.8070 
-2905.0009 
18603.2732 
5530.5919 
13451.2985 
-518.0687 
5838.9545 
460.4446 
17079.2115 
5501.4518 
-2685.6155 
-3222.9979 
-574.4961 
1299.0647 
-915.8069 
1273.3041 
-6268.4623 
3097.0077 
-1208.1712 
18874.3661 
-57.7587 
9066.8869 
15818.4625 
1285.2081 
27041.9927 
14130.9663 
14861.7289 
-41.9435 
1367.8861 
604.6328 
5123.4553 
621.3995 
1683.7248 
1254.6463 
10453.3713 
25469.0948 
5595.4416 
-1664.0028 
2273.9817 
2725.7121 
-8293.7786 
2566.2868 
17907.3425 
3957.4163 
-5120.5962 
-1467.8074 
1522.6442 
-873.9876 
-1600.6621 
841.1090 
-12157.4519 
-866.4080 
-12494.0919 
9823.8596 
-1250.9772 
-10677.6831 
-12466.6866 
-1260.2131 
3219.7072 
5436.4418 
-10635.0043 
119.9185 
5930.1300 
-1838.4514 
10416.2798 
771.3582 
-730.2977 
1520.5257 
1579.1576 
-954.8270 
7933.5606 
3556.4771 
428.6650 
3367.7224 
6823.4362 
3304.7716 
7113.1204 
-500.0092 
-4488.0629 
-2301.7023 
4577.2463 
-529.2876 
-1427.0569 
-247.0315 
-4167.5767 
4258.2659 
-31257.9286 
16827.3244 
503.0577 
-6012.7512 
12002.4100 
337.8338 
3618.3223 
15799.4830 
4499.9958 
-16.4740 
2475.0122 
-589.2959 
8463.2795 
-604.8204 
-119.2124 
1470.0795 
15277.3343 
7900.5476 
-571.0379 
3924.5919 
-4978.8968 
-3706.4331 
-2408.9287 
1819.2016 
-2220.1896 
-286.1360 
-5160.7140 
-5056.2783 
-1031.6531 
-1020.8849 
-2544.1232 
-1245.4514 
-20516.1976 
5663.1709 
-43281.2728 
-11229.1587 
1071.9984 
-13052.3626 
-33743.6124 
-544.0231 
-11333.6879 
-17395.8767 
-21206.4112 
-602.1454 
-4656.8998 
-2680.6586 
-579.3154 
-10803.9996 
-421.3901 
-1005.8537 
-3036.1033 
7137.4404 
9903.8666 
2229.4117 
5914.2770 
3503.2329 
2811.1494 
1690.1396 
9657.8130 
4387.9770 
-6254.4163 
-2035.4165 
2705.0216 
-74.0563 
-1696.6057 
600.8016 
-15631.2532 
5050.6591 
-21232.6356 
1272.9914 
900.4499 
-9345.7603 
-3849.1299 
267.0109 
2241.6321 
-14444.5191 
7324.3830 
-190.5522 
4283.1538 
-2848.1543 
3468.3229 
2687.5585 
-315.1243 
1297.8382 
-4280.9901 
15474.2559 
20618.9019 
7479.4841 
9222.1813 
12811.1273 
4964.8819 
5399.3035 
33423.5445 
5443.2725 
-515.1434 
8413.8522 
10974.3870 
1144.3582 
4273.4525 
-134.9820 
-21341.4409 
10176.2086 
18675.2394 
32156.4757 
-708.5574 
14251.4654 
47882.0223 
1110.0631 
41008.4878 
47329.9826 
46171.6302 
725.5046 
3446.8261 
-1594.0705 
16171.5688 
11861.6285 
29.4574 
509.9744 
20338.8817 
46494.7993 
6297.3082 
6366.4958 
12602.8465 
1587.8466 
6534.5568 
-3306.2636 
14469.4440 
4441.9550 
-2945.7740 
4501.6785 
6540.8205 
355.4115 
-1579.4087 
-223.9575 
5429.7890 
5313.9741 
7869.0697 
18552.2349 
290.0719 
-7761.8246 
18722.9324 
1771.0134 
30645.1425 
31742.3731 
32755.6452 
-468.7238 
2776.1395 
-162.8495 
9822.6669 
8396.3770 
2384.4632 
1303.9699 
9763.5063 
36994.7258 
9678.0725 
1655.7186 
-4028.7537 
601.5252 
-2029.0334 
2005.9786 
10648.9301 
-5092.4214 
-5610.6017 
-4902.9063 
4362.2453 
-1790.4399 
259.6679 
-1499.5755 
-31433.8646 
-676.7909 
-40017.2025 
9653.7127 
-625.1349 
-5180.4176 
-18349.8120 
1448.6853 
-19204.3019 
-21225.3048 
5259.1616 
194.8557 
-5756.4389 
-3309.2716 
-3234.7600 
-3465.8887 
-2912.3865 
1218.8734 
4974.5134 
17987.3494 
12765.4569 
2613.5738 
385.1677 
12869.6470 
-3446.4718 
6576.3502 
22014.5140 
3641.3768 
755.3135 
3612.9981 
2337.3196 
182.2574 
2299.9756 
285.5973 
-462.2752 
2551.7237 
-2022.9433 
22938.3598 
37.6640 
15986.7787 
38194.5917 
1146.5684 
17389.3977 
15569.9110 
2570.1894 
-284.3003 
5048.0311 
-422.2353 
2575.2370 
15620.4029 
133.5010 
1475.3447 
5791.3624 
21826.7868 
6162.8113 
4382.5088 
4504.9060 
5069.9791 
-2342.9630 
4962.9245 
8169.6968 
4181.8062 
-3469.2803 
-2379.1877 
3354.0601 
1119.1040 
966.3855 
289.9878 
-3673.4978 
3994.7513 
-17146.2414 
9686.2565 
407.6805 
-240.6907 
10466.4897 
-1249.0663 
933.2060 
-1525.1633 
-446.5136 
-538.1662 
3060.1165 
-873.4295 
10516.9186 
2150.1786 
454.6943 
1521.0044 
10967.8555 
17884.4357 
8479.9818 
1227.2856 
-6939.7558 
2761.0879 
-7267.9906 
3038.6640 
12043.1184 
2843.7333 
-5047.1975 
-5307.1930 
4589.6556 
-1665.7412 
-669.4637 
-859.3483 
-8974.3000 
4278.2706 
-25824.0184 
-8592.3094 
901.2262 
-4601.8749 
7033.0581 
106.5562 
5019.9490 
14771.5025 
-516.9375 
-226.6755 
860.8836 
-3278.2755 
10988.9224 
-6441.4107 
-2753.4795 
1431.1396 
-3239.2604 
-1390.3722 
5709.8956 
646.5709 
1328.2339 
1338.1785 
-4989.9232 
4619.2218 
11917.8215 
4022.6708 
1579.2740 
-1223.2678 
4893.5245 
640.7622 
-1271.8237 
2.0447 
5290.0644 
-71.2998 
-3087.1928 
6759.5035 
828.9070 
3773.3755 
22058.4909 
-76.6259 
17516.2503 
14749.8449 
32831.8119 
-458.2841 
1290.8471 
142.8264 
7706.3015 
6628.2854 
195.3340 
1507.5908 
-2231.2598 
5995.4331 
12115.1104 
9125.7258 
19354.7590 
3350.6971 
5348.9879 
6966.2206 
18307.8118 
6516.3101 
8661.0567 
3725.4593 
2967.4579 
-300.7772 
2063.6221 
1545.7558 
33232.8373 
8426.9054 
42895.5708 
36856.1608 
803.9451 
18165.0792 
48518.6738 
1926.8353 
42029.3999 
26066.0173 
26589.2663 
590.5968 
5682.4923 
1641.9176 
10082.7893 
8545.6653 
3687.4532 
1545.4519 
20365.2507 
24228.0905 
16254.0211 
1781.6548 
3164.3227 
3389.8896 
4460.4037 
5861.9518 
14845.6379 
-2032.7270 
-7427.1516 
1547.9000 
390.7675 
1300.4500 
173.1387 
731.6330 
-3944.9166 
1363.0927 
-15133.7567 
-2131.9987 
245.3340 
8370.7322 
2448.4659 
1976.8165 
-3923.9413 
-790.8733 
-1646.1920 
23.6245 
577.8759 
-2497.6201 
7426.0494 
416.9350 
357.0146 
549.0469 
6392.5113 
1341.1724 
238.6190 
-3516.5043 
-3872.0337 
-1990.1748 
-8340.1179 
2131.2348 
-69.6910 
-2081.6498 
-5169.9664 
-1764.9641 
-8096.9341 
238.8981 
-2101.8623 
-75.1250 
68.6039 
-2968.3799 
-20974.7328 
-8995.1023 
-94.5769 
4843.6016 
5695.7764 
909.4125 
-517.5492 
-24824.2945 
-3982.7268 
-298.3544 
-4068.5242 
-2334.4714 
-7911.3421 
1502.5142 
-1614.3465 
-83.2687 
-10804.1439 
2351.4344 
1564.3971 
1695.1638 
-4440.3124 
-2948.7125 
6153.1352 
4385.5090 
-4705.1078 
1599.5502 
348.5319 
-1542.8134 
5808.6919 
-215.0137 
301.1143 
494.6682 
-11318.1566 
100.8036 
-2125.2150 
7991.2612 
965.1238 
-3871.8940 
400.5271 
339.5006 
3293.6863 
11946.9943 
369.4116 
-615.6866 
-1404.7910 
2645.2279 
2949.0307 
-4402.0301 
1598.1681 
-181.0677 
492.5034 
9515.0615 
4941.5974 
312.6497 
8627.3249 
2382.9196 
3100.8673 
3696.2752 
19903.9169 
253.2731 
-10247.8904 
-3256.0365 
4786.3653 
700.6138 
1828.9073 
991.7472 
-1400.5054 
-701.2067 
-14605.2819 
17799.3971 
720.8295 
4471.8026 
-9696.5987 
-662.1743 
8313.5919 
10401.5719 
2190.2601 
-226.7199 
4247.6491 
-1029.9546 
2344.2596 
3032.3663 
-363.7396 
1376.3732 
4280.7802 
29869.1081 
12891.9237 
4898.6114 
4599.9730 
5424.2119 
-1152.5490 
-729.8465 
16646.6349 
2832.3364 
-164.7321 
-3013.3634 
7619.6736 
1170.0459 
-4308.6562 
369.6472 
-5508.0600 
1213.0844 
-19669.1827 
22146.0217 
-185.9100 
-3832.0020 
11435.6320 
1293.2635 
16128.7435 
26448.7016 
16633.0250 
82.7940 
2782.9267 
3691.6679 
4601.9621 
9445.5735 
1273.3513 
960.4599 
11673.1349 
15977.5246 
1869.7436 
-1431.8748 
-791.2118 
4297.9013 
-1005.3918 
338.1742 
833.5340 
-739.0094 
-94.9317 
-5360.9945 
-1948.4138 
-1415.4715 
-1775.7164 
239.7375 
-391.2680 
5400.3064 
-8173.4889 
2074.8740 
1260.6873 
-4287.5383 
1404.2172 
1793.3195 
-6727.7562 
-1583.7617 
-911.4476 
487.0177 
-508.4171 
-607.0350 
3358.4265 
-3909.0731 
-1636.9313 
793.9491 
-8842.4246 
-15119.8011 
13153.3534 
8242.0801 
11552.1800 
5257.4122 
5594.9093 
3803.0634 
28224.1225 
799.1826 
-2377.0486 
3447.7560 
5555.3183 
-574.5208 
2303.7006 
257.3031 
-9185.8858 
8679.8045 
-7590.8937 
33137.4452 
812.8617 
4442.5943 
22769.0777 
150.7849 
18645.5815 
13665.1915 
-429.4501 
-81.9473 
3712.1836 
-2046.1753 
15130.7760 
9038.3373 
1744.7060 
1257.0227 
21729.5123 
19899.3493 
-10349.9758 
-3472.4402 
-5586.9677 
-2771.7630 
-5922.8403 
1156.1452 
-9298.9841 
-1268.0758 
-4064.9445 
-4550.8514 
339.5266 
-844.8241 
-400.4514 
-171.8889 
-10325.6913 
-448.7596 
-34720.3936 
-16499.3627 
913.5475 
-7946.2495 
-25659.9447 
-659.3261 
-14724.9864 
-5619.5240 
-11212.9041 
-365.0573 
-2907.0095 
169.7906 
-910.0641 
-4752.0123 
-2690.1126 
607.2855 
-5504.9667 
-7377.4058 
-1505.7690 
2222.6366 
-673.0501 
3508.9477 
2113.9513 
1796.9165 
3392.4968 
2219.4847 
-866.8816 
152.3746 
5783.1991 
-647.1758 
-2787.3871 
862.4507 
-20031.1619 
3655.9778 
-27667.2218 
6394.8607 
363.2736 
-7284.2698 
-11715.7570 
88.4284 
-339.9574 
-7610.1988 
5622.6692 
-9.4850 
2192.1898 
-2076.7359 
-9165.3446 
-229.1586 
2583.7008 
512.7073 
-9363.3161 
21313.4933 
7419.9438 
-2818.2834 
10773.1520 
2146.5969 
-1263.1396 
4627.3405 
5788.2883 
-2971.7505 
-6859.6262 
-9026.6398 
560.7033 
-809.5266 
-1096.4291 
-553.4326 
-7879.1826 
-1632.2375 
-25471.5326 
10205.7723 
1080.2791 
-12947.3524 
-24241.5439 
288.9721 
4687.1893 
2644.9020 
-6407.0654 
-193.0113 
1660.2063 
-2443.3220 
-6187.4659 
-8324.8080 
-131.1447 
-378.1280 
6313.3144 
10060.0119 
12188.4120 
5231.7372 
3398.1573 
-1524.7749 
-6036.0659 
-3799.1076 
20618.4562 
2264.2147 
-5686.6841 
3417.2921 
10202.4350 
-529.1619 
-1167.9262 
916.7301 
-2602.3003 
6322.2575 
5988.1012 
5020.7450 
-65.4564 
-6125.5801 
9699.0768 
1254.1593 
5194.7735 
25619.2340 
18084.0702 
479.9157 
4753.9279 
-1128.7352 
391.9379 
-692.1289 
1025.8592 
726.0097 
6045.1168 
22924.5930 
19539.7306 
6698.4705 
23590.6045 
-3630.0273 
3240.9825 
1786.7526 
19386.8668 
-2176.6452 
-1487.8601 
-4800.1353 
7192.8569 
-351.7029 
-2819.4051 
765.8938 
-4892.0234 
5738.0030 
-17191.1857 
32097.1856 
-754.8613 
-13284.1570 
-12655.6461 
1484.1580 
40318.2346 
11833.9893 
23427.4668 
42.7514 
2192.6354 
-228.0243 
4994.5642 
3083.0194 
4010.1779 
1478.8650 
19087.8601 
40114.1450 
18685.0098 
1340.6682 
8073.2978 
13660.1085 
2651.5492 
9469.4328 
20505.1558 
5232.2784 
2251.9545 
8257.8925 
4116.6407 
-571.2693 
923.2691 
467.6306 
-676.9233 
8335.8602 
7182.8202 
-1885.6462 
1290.7089 
19052.8472 
58473.3902 
1237.9218 
-7948.9545 
16738.1854 
20473.6306 
264.7571 
5744.3230 
-3585.3791 
19294.3824 
16423.6256 
540.2594 
1424.2296 
6729.3509 
1009.1239 