0.9063
0.8863
0.903
0.9163
0.871
0.841
0.829
0.789
0.908
0.923
0.966
0.926
0.947
1.007
0.797
0.7453
0.8573
0.8773
1.018
1.048
0.98
0.89
0.9347
0.973
0.805
0.775
0.928
0.918
0.8
0.82
0.794
0.814
0.885
0.885
0.837
0.822
0.8093
0.8227
0.863
0.923
0.865
0.935
0.902
0.962
0.758
0.7647
0.8753
0.8687
0.884
0.834
0.977
0.977
0.83
0.81
1.0167
1.0833
0.984
0.9907
0.93
0.9167
0.98
0.97
1.05
1.02
0.9547
1.0147
0.9353
0.892
0.922
0.862
0.938
0.918
0.905
0.925
0.995
0.975
0.9327
0.9627
0.9093
0.9427
0.935
0.9583
0.964
0.999
0.923
0.903
0.884
0.874
0.827
0.787
0.9103
0.8637
0.901
0.901
0.8857
0.8723
0.8283
0.8117
0.9197
0.9797
0.9897
1.0063
0.9467
0.9633
0.922
0.892
0.877
0.867
0.945
0.945
0.883
0.863
0.4733
0.36
0.415
0.32
0.46
0.38
0.45
0.4133
0.8367
0.34
0.485
0.365
0.79
0.29
0.31
0.4
0.59
0.44
0.77
0.7
1.02
0.5
0.61
0.4083
0.5233
0.4283
0.5367
0.455
0.7367
0.4067
0.5367
0.62
1.16
0.4617
0.5433
0.3867
0.3783
0.7767
0.3567
0.3267
0.4633
0.49
0.65
0.395
0.57
0.355
0.51
0.4483
0.5567
0.365
0.49
0.415
0.44
0.38
0.68
0.2717
0.2883
0.365
0.395
0.435
0.505
0.4517
0.7133
0.24
0.22
0.66
0.98
0.275
0.205
0.3417
0.31
0.34
0.45
0.325
0.265
0.385
0.43
0.375
0.79
0.5
0.9
0
0
0