-7569.5101 
-3779.4283 
-14167.6420 
-5366.2460 
9744.8361 
-3863.1924 
-4434.8568 
-7070.6677 
-8745.2636 
-5539.6881 
8568.9821 
444.9570 
-1874.0975 
-1237.7013 
30981.4883 
-1719.7514 
34058.7303 
-22494.8656 
789.9637 
-11621.5290 
20635.0450 
268.4002 
-24735.2006 
22633.7183 
-22882.0824 
-289.0640 
-2130.0902 
-1747.9840 
-6191.1794 
-7836.0364 
-774.1748 
620.7881 
-12743.7879 
-22898.6759 
9769.2733 
1050.4974 
-3245.5832 
1314.7025 
228.4192 
374.6888 
9052.3970 
-3935.8555 
1416.2476 
-2775.1438 
-4464.6313 
398.8299 
-3511.3050 
1538.2211 
-3651.4497 
-4511.3390 
-3901.3091 
9844.6353 
644.6608 
-3106.5314 
2878.2688 
-856.1876 
-9700.1430 
2385.9855 
-13097.1791 
-431.6154 
-1343.9801 
745.0935 
-13841.1594 
-2825.8649 
-1562.6090 
-77.3857 
-5126.6562 
-176.5831 
1507.2733 
-2375.4913 
-4877.7366 
-333.9230 
3573.0091 
-824.6642 
-2004.8003 
-1834.4458 
-6028.1606 
-2789.9772 
-687.2104 
295.8567 
-63.8206 
-365.7281 
-7866.1120 
8006.8740 
-35302.1945 
-551.6809 
565.7279 
-1834.9407 
4186.4215 
1676.0085 
2401.9010 
-6900.3354 
-7253.7244 
412.7819 
-3148.0618 
-2789.8050 
-9424.1755 
-3068.4207 
-1631.5227 
168.0647 
262.1199 
-4343.2649 
-2196.5613 
-1170.7534 
-6266.2470 
-1296.2584 
-972.2083 
-432.1364 
-3780.2029 
-722.8989 
-6916.2442 
-1569.5626 
-1300.1074 
-1715.1660 
-2881.0242 
-31.9284 
-15512.3104 
1716.8629 
-15780.8227 
-4948.6683 
560.9152 
-2883.5971 
2985.8934 
-1056.7689 
2692.8612 
-11351.9039 
-12147.3457 
172.6671 
-3132.7278 
-3652.2137 
-932.5628 
4171.6336 
-1967.9592 
-444.3162 
-3312.9391 
-6522.8315 
2233.4124 
-1593.0767 
-1985.4360 
1212.8337 
819.6178 
3969.4710 
-6138.0036 
44.1117 
2938.4870 
-1352.5709 
-6460.2543 
-512.7690 
-1644.2863 
-798.0471 
-9379.5085 
-1610.6894 
-13319.1033 
4148.3058 
-1015.5383 
2744.6087 
-2735.1971 
-1167.0509 
3917.1640 
1616.4915 
-5190.1818 
-532.2846 
-4201.8929 
117.1516 
836.6906 
1607.1524 
-1104.5369 
-934.0235 
1465.8177 
-694.3389 
15871.7976 
1888.8837 
-3324.5678 
4532.1701 
-899.2971 
2140.5666 
16138.0459 
4239.8041 
-3901.5729 
-2630.8749 
4769.8781 
464.0325 
952.6596 
-206.8680 
-22778.3085 
3867.1868 
-21363.0884 
-2004.9232 
1261.4559 
1782.1561 
9871.7743 
676.5335 
-8241.4507 
1801.6697 
1042.9098 
16.6672 
5968.8343 
-2359.4403 
785.0333 
-8687.3548 
559.7708 
1111.5621 
3256.7136 
-9657.0896 
-890.7535 
5443.3218 
73.1045 
-1044.3688 
2250.6022 
5726.9198 
6352.8569 
-2090.2279 
-1348.4379 
141.3671 
1886.8403 
1597.9891 
970.1640 
-163.1396 
-9976.1670 
346.7016 
-18348.3526 
-16834.5751 
1282.0918 
2767.7679 
-6792.4433 
790.6280 
-10539.4286 
-7948.4728 
1884.9235 
-152.0791 
2695.6611 
2010.5581 
4669.7407 
-7050.9756 
2218.8985 
391.8200 
5196.2100 
-18025.0496 
1871.8355 
4251.6536 
1917.8206 
1080.3746 
820.7370 
4009.3297 
-9800.9064 
1397.2143 
-5806.8248 
-3856.4899 
-3193.2995 
53.0971 
538.9463 
316.9945 
-15330.5481 
2217.7777 
-35236.5842 
2308.4483 
443.7113 
-4880.1638 
-7113.5762 
671.1477 
-15710.0769 
4680.9677 
-10130.7933 
45.0511 
73.8584 
-3714.5736 
-504.3325 
-8069.1633 
-1825.5170 
918.0579 
-2259.8409 
5438.2451 
20103.7024 
2999.9943 
15848.0210 
-1821.3103 
9736.6473 
801.9309 
20694.1843 
-1009.4762 
3246.2680 
-2228.1036 
7786.2000 
-622.9958 
-535.3954 
253.1209 
-14608.6168 
2498.8574 
-22216.7025 
15105.1771 
4.1865 
-3402.9572 
2235.3259 
-401.3562 
6123.1767 
3949.6328 
5746.2598 
-432.4905 
3102.9972 
977.5391 
-571.4556 
-177.4616 
2829.1916 
1514.7458 
-22727.5546 
-6959.3205 
-4632.7380 
-2593.3134 
-1404.8881 
-3812.1990 
-3280.5980 
-1887.6319 
-21661.7846 
-8040.2831 
-3320.5906 
-6058.6825 
-6581.7977 
-1329.3879 
-2256.2645 
648.7268 
-18265.7547 
-881.9807 
-34903.3273 
-2620.8046 
-368.8809 
-770.3280 
-30789.9107 
-17.0910 
-7262.9889 
-19222.7837 
-8209.8326 
208.2022 
-5314.7221 
-876.2680 
-16643.9554 
-5532.6044 
1659.8624 
-156.1773 
-13894.5059 
-17285.3498 
-4982.9431 
5380.7312 
5364.3581 
-5165.6242 
1356.4263 
3158.5339 
278.8216 
-3327.0927 
-4146.6968 
1369.5204 
6812.2421 
-779.4735 
-2214.1940 
-860.0478 
-4302.2180 
-535.6117 
-22620.7312 
792.7374 
-198.6946 
-103.5544 
6889.7541 
-1307.3848 
-3402.3749 
9353.1943 
-146.4352 
-590.7057 
-1000.5793 
2010.9971 
3743.4056 
2911.6262 
-561.4714 
768.1030 
764.3810 
-12248.8008 
3672.5853 
-4429.5304 
2359.5409 
6614.9255 
1801.1385 
3126.8497 
2306.2892 
-728.8646 
-2985.3209 
-4554.2189 
-2953.4427 
-715.3295 
-934.3529 
468.3686 
-6667.8823 
-1102.3439 
-8253.5694 
-2864.6077 
-578.3920 
709.7646 
1820.9950 
-64.0761 
-13484.5839 
-1913.1729 
2176.1904 
-70.1159 
1743.3017 
-1576.9136 
-8666.0675 
1228.8181 
1068.7557 
412.4533 
-3515.1415 
-2477.5465 
-10852.2528 
2949.5345 
-8791.5442 
5421.7685 
2110.9655 
1988.0019 
2463.1000 
-6218.8056 
-6422.8304 
-4442.7508 
1751.4423 
924.4803 
1406.6739 
-304.1854 
-20625.2093 
3415.2505 
-21389.1307 
-8558.5786 
-388.8959 
3626.8116 
-15969.4512 
693.9426 
-8975.7830 
1578.9370 
-3996.1340 
304.3072 
3110.3803 
2229.7540 
-3848.7295 
566.8543 
1834.0891 
385.1245 
4101.8055 
-8811.7519 
-9359.9051 
3210.8112 
-3479.1971 
4208.1813 
-5061.2877 
3226.9668 
-12164.6516 
-4276.3401 
-806.2599 
2181.2681 
1962.1083 
-1275.8489 
-1366.2313 
-1234.7476 
-2633.0229 
4583.2385 
-11389.9226 
8363.7506 
-16.0500 
-1784.4803 
18356.0475 
184.7287 
3066.4569 
-19006.2375 
8519.0608 
-201.7764 
-314.2272 
1876.2928 
8757.9346 
7178.4878 
-580.3795 
838.0576 
5632.3489 
8077.8518 
6699.5269 
3804.8128 
7635.9622 
5124.2157 
10249.1530 
-89.8021 
-17884.7984 
6070.2762 
1580.1353 
-109.0669 
2474.6202 
483.3542 
-194.7893 
160.2782 
3204.7281 
5947.2041 
1719.4708 
-7614.2947 
458.4697 
1189.3030 
-15712.9618 
351.8768 
5418.1822 
-10497.0248 
-10145.8166 
-641.6865 
2728.7725 
2541.7621 
8605.0799 
493.0880 
2252.9625 
1515.4224 
6204.2489 
1740.5423 
6886.0408 
3738.8450 
7457.2738 
7191.4092 
2038.2163 
2382.8679 
1407.9596 
-5066.8355 
1170.7914 
2127.5689 
-4197.2045 
559.6863 
-450.0379 
383.6955 
-8829.1690 
3547.4628 
-23998.1679 
5129.0541 
630.0572 
7650.0069 
-7803.7017 
743.1911 
7138.1052 
-8283.4491 
-2372.3337 
-407.9450 
1193.8543 
-1290.3167 
88.8603 
1553.2568 
1344.4191 
1420.1193 
1974.1307 
7501.5520 
-379.2694 
-7596.8575 
-9074.8010 
-2140.4084 
-1451.2641 
-452.6311 
-8251.1404 
-3777.5417 
-6333.2764 
-5891.4401 
-2983.5601 
1000.2836 
-2472.3279 
322.1637 
-16856.9061 
-4330.1833 
-28521.8673 
-8805.0170 
467.9825 
857.7045 
9015.9998 
1639.9319 
-7807.4297 
-12102.3370 
-17433.3904 
17.7478 
5003.7882 
1470.0754 
-2791.2205 
-3741.2256 
-1122.1838 
829.8869 
-14166.9163 
-8526.6270 
6.7999 
1475.2653 
-91.9946 
-1692.6038 
-7253.6323 
-1791.4606 
-5891.1160 
-5309.0962 
-5275.9991 
-2480.1900 
-3725.8231 
11.7454 
-3614.3894 
-472.4182 
-8814.5105 
-592.3080 
-13695.8758 
5092.1456 
41.1982 
1023.9231 
-6563.1412 
1433.7560 
4016.3834 
-17762.4817 
-5557.0656 
-472.0628 
-5109.7264 
-3995.6228 
6731.5344 
-361.4292 
-3443.3593 
1217.1246 
1260.2762 
-2333.9852 
2800.5916 
-433.4510 
592.6797 
-5377.5387 
-1819.6924 
559.8106 
-6572.4285 
-5232.4237 
-4032.3873 
-2958.8838 
-487.1925 
-965.9070 
-1777.3281 
-54.6503 
-3831.5252 
-2793.2446 
-32020.5161 
-10055.9222 
749.5197 
921.5283 
-13878.1979 
-286.4728 
2456.8437 
-24219.9546 
-4376.8651 
-417.9507 
1610.6265 
-797.5768 
-3862.5475 
-2466.1674 
1717.6859 
-246.0830 
-4459.3217 
6793.4619 
-2568.1422 
3735.5919 
-14741.0245 
-5413.3607 
-6682.6408 
2361.6402 
-2741.2377 
-3554.9095 
-1211.1493 
-7989.3694 
-4135.3416 
-1072.6691 
-2383.6004 
-304.0416 
-3447.1286 
-4702.9878 
-8219.1726 
-13626.9981 
910.2793 
2876.4462 
-1937.7788 
290.2983 
-4370.8317 
-3822.7482 
-7057.4154 
491.4134 
-1317.2868 
-30.2094 
-9160.1255 
2289.4489 
627.5784 
-860.7110 
-11343.7087 
-7452.6954 
1174.2550 
-620.3147 
5076.9538 
-731.7637 
-5890.8668 
3189.1987 
-10489.5358 
-7219.4325 
2640.9872 
-4927.8571 
5623.3737 
-1198.5652 
-3029.9854 
405.8053 
-10951.3211 
-3176.0380 
-5908.5559 
10336.1303 
-654.1737 
3198.8511 
9984.7111 
-1480.2511 
11181.8523 
1549.3787 
-7034.4861 
-73.4105 
-4930.6452 
-604.5290 
-6961.3570 
1425.1289 
-615.3031 
-962.6676 
-3069.8088 
4933.3527 
-10944.0637 
1155.6276 
7225.5692 
-11681.3826 
5551.5175 
7766.4497 
-13792.2378 
-7016.9390 
2453.2775 
2810.8292 
5722.2216 
-655.5177 
3607.8689 
1086.3217 
4772.6167 
3509.7542 
-9613.2776 
-19820.6650 
924.3304 
-9894.4102 
25873.8078 
148.7200 
20595.6238 
23225.6738 
15778.6834 
300.8133 
5610.7421 
44.8670 
15613.7325 
5820.5144 
2465.0907 
1193.1717 
-12951.6856 
-9605.2657 
-11773.8935 
3383.9333 
383.0190 
6059.7124 
-143.7852 
3352.7300 
7503.1802 
-1906.5323 
-4757.2130 
-3005.6603 
2491.5999 
-549.7413 
-471.2249 
-467.2496 
-23124.7389 
6245.0576 
-23624.7654 
6706.0929 
1068.4402 
3251.3487 
24004.6903 
110.1809 
5621.4093 
-10454.6869 
20807.5437 
135.5366 
-1094.4306 
-2628.1247 
-10508.5168 
3082.8028 
-211.2992 
-906.3465 
-1000.3595 
12664.9789 
-10068.9822 
463.7152 
-1564.1017 
5720.0980 
-3422.5470 
-1047.3532 
-6433.7220 
-2738.6059 
-3520.3395 
1633.8507 
-485.1807 
-722.9134 
78.4862 
324.1707 
-2204.3756 
2290.1776 
-5219.0812 
3634.4895 
-216.0421 
4944.1925 
-17226.1709 
-145.1399 
7821.6637 
-17192.6858 
-3790.9980 
747.8996 
-2386.8238 
901.4285 
-801.6378 
4566.3883 
1436.2990 
-696.3889 
-4016.1930 
-11132.0170 
4672.4911 
5.6119 
5370.1874 
735.5126 
-4570.7512 
2721.8963 
1076.9651 
-3909.1684 
-5686.8508 
10.9632 
-3764.9515 
700.7982 
-2338.8370 
-431.6071 
-27127.7191 
4893.9903 
-21660.1224 
-4067.1256 
250.5219 
538.1222 
16639.5092 
465.7476 
-6336.1762 
-26018.3202 
-13472.0727 
124.0782 
-2487.3064 
135.3593 
1103.7365 
-2141.6704 
-657.6754 
827.9028 
-983.3636 
-501.8834 
-8963.4077 
-811.6030 
-15398.9240 
-3704.4626 
-9744.6099 
-1413.6850 
-17803.1550 
-6764.2953 
-6726.1052 
-6774.6291 
-8557.8256 
-1239.6134 
-4631.7979 
-478.4951 
-26719.6602 
-6290.8302 
-48856.1314 
-11230.5217 
-112.9001 
-10646.0806 
-26376.2673 
825.9069 
-30439.4748 
-47455.1131 
-38268.1672 
-138.6797 
-3375.3231 
-4770.3746 
-13649.6361 
-9867.9424 
-3601.1315 
-964.6703 
-18479.6538 
-29065.8801 
-11197.9057 
-2855.4213 
6436.8192 
1858.4950 
-279.5953 
95.3848 
-12125.0904 
-4269.2666 
631.7760 
-2734.0950 
-68.3835 
606.2407 
-1152.8775 
711.5313 
-21299.9981 
-967.7968 
-17951.5279 
7737.6146 
944.9504 
-2938.2779 
12084.4862 
580.4289 
16591.3108 
1089.1398 
408.6636 
201.2591 
1751.8319 
-3258.1923 
-7324.6224 
628.0845 
-137.4633 
-164.8449 
2010.5942 
19170.5975 
13459.3147 
5020.3592 
5092.1224 
13911.2413 
-952.6161 
8528.2936 
6704.2192 
-1773.8226 
4707.1295 
5917.3350 
3225.5813 
2060.3205 
1941.0067 
166.9460 
-4678.5401 
5822.9654 
13929.3990 
17616.7147 
573.6314 
13829.1917 
42388.6667 
1286.7137 
-10965.6371 
-8673.4621 
7391.3135 
-224.6664 
748.9171 
-1317.2346 
-4082.1787 
-11814.0262 
1757.9227 
-642.9244 
8332.6027 
13795.9106 
3843.5380 
-2919.7907 
3929.7771 
-2453.4691 
3124.6349 
264.9136 
4736.2728 
-1049.4931 
-4372.2214 
456.4256 
1915.0106 
570.3055 
428.3478 
-1078.5425 
-17282.2205 
-4726.3822 
-24975.0608 
4012.7837 
-183.0417 
2634.9196 
-10685.5053 
-541.0257 
11990.6569 
6071.2148 
-5357.9167 
-203.6036 
1145.2974 
-2057.3553 
1875.9040 
1375.5741 
-2542.3353 
1347.3487 
2212.8574 
2377.5910 
-9376.3807 
-1043.1839 
-15654.7684 
1158.9513 
-2256.1050 
-2213.9913 
8739.6277 
4725.4596 
-3587.8549 
1693.4623 
1919.5891 
-388.2386 
690.7571 
-442.5701 
-4460.5206 
-2449.8245 
-1347.7764 
9451.9335 
373.4475 
445.4390 
10476.0544 
1792.9393 
-8488.4923 
-6558.7476 
-10244.6742 
407.3594 
2719.6562 
-1744.4178 
-2129.5618 
6056.3918 
-2310.1797 
1107.6716 
3300.1772 
6969.6501 
3240.4784 
-2401.3906 
5850.9327 
804.0070 
4798.2788 
-2118.5387 
8660.7616 
41.2329 
2481.6488 
-3101.5038 
6814.7856 
1579.7240 
-2185.8958 
-771.7300 
-13481.5989 
185.2936 
5545.0982 
8030.2001 
-744.1271 
4101.1137 
18770.1545 
-32.9091 
15438.1633 
10279.6516 
15237.8418 
-60.7541 
-1575.9898 
1030.0021 
3988.8996 
489.1281 
883.3826 
625.5741 
1541.8030 
-15188.4154 
6787.5662 
2124.0949 
-1451.2397 
3271.6480 
-224.7751 
891.2828 
7984.8619 
-1275.6397 
2248.1706 
-4056.5793 
-5569.9501 
1259.3032 
-924.7467 
715.4122 
-5080.3433 
199.5473 
-27581.3460 
-11460.7840 
938.3757 
-8039.2555 
3345.9943 
285.2673 
-5601.3956 
-8889.8343 
-11816.8250 
-37.5199 
2890.0684 
-1102.1292 
-2434.5582 
6544.1327 
146.3499 
1278.4502 
-5731.2843 
-5792.6617 
2052.2473 
-4299.4950 
2078.4929 
-3144.3593 
-3657.5785 
-4145.7360 
-15139.3573 
-5913.3452 
-4687.2082 
-4642.0180 
50.1696 
-354.0784 
-1449.5038 
22.7728 
-15057.8667 
2687.4231 
-31298.8133 
-11351.9446 
-593.4980 
-8683.1356 
-4632.4678 
-679.4760 
-10451.2296 
-20953.2684 
-18489.3481 
-294.6069 
-2493.3625 
-1646.6197 
-15423.8262 
-1093.6824 
-1301.0789 
-1456.7708 
-10339.2061 
-3556.5830 
-664.0719 
-3091.9018 
3750.3671 
-6932.4017 
-6423.1570 
3023.7870 
1536.4713 
-5288.1466 
-261.5726 
-5768.9564 
3145.1139 
-1745.4381 
-2693.8909 
-112.0425 
-5047.3965 
-4162.6245 
-25809.9293 
-12570.3692 
-586.6259 
-9545.8181 
-24613.2282 
-37.3966 
-18833.0605 
-20739.0569 
-24710.7175 
-458.5165 
-4355.6895 
-2437.6049 
-2971.5761 
-3089.4688 
518.4087 
-1289.5294 
-13922.4938 
-10011.0998 
-11588.9313 
2922.7929 
-112.5212 
3568.8714 
2868.8785 
9966.4338 
10549.7785 
-2356.1442 
-5765.3154 
-1956.9376 
-4166.6184 
1338.8168 
355.9184 
563.2228 
-11373.5574 
5553.9768 
-3575.6834 
14401.4421 
819.8765 
4545.6388 
31387.2842 
591.1912 
32572.6304 
17185.0880 
19116.1581 
349.6872 
-1662.0280 
4574.7503 
-2231.8922 
6504.7062 
2568.8167 
895.6393 
2139.6052 
-23599.5360 
-11439.3960 
-2427.9425 
-10882.0423 
-2788.0122 
4738.0453 
1978.0735 
-14304.5723 
-3931.2427 
-5014.1620 
-6670.7042 
-6318.6829 
-1877.3841 
-3417.4782 
-50.8242 
-20030.4939 
-2703.5205 
-29369.2285 
1603.3719 
-134.1548 
-5040.8502 
-12622.4558 
-883.0094 
-14264.7691 
-14076.9360 
-16870.7996 
-91.6502 
485.7541 
-1437.8637 
-4813.0515 
-11008.8368 
14.9197 
1246.9331 
-8038.6797 
-6364.5971 
-9408.3221 
-660.3137 
217.3848 
1682.2419 
4121.7789 
-1031.6724 
-7179.3247 
-4286.8658 
7291.2819 
-252.8259 
-6998.6281 
-984.5280 
-2436.3101 
275.1346 
-14280.4870 
6521.5939 
-12787.4510 
-14274.0597 
-1036.4145 
-779.4199 
9856.8597 
612.0638 
12269.3385 
-6569.1626 
-12019.6483 
-472.9952 
-2607.1817 
3781.0368 
-8288.8689 
5282.3908 
2936.4689 
-1267.2797 
-2840.3053 
-4603.0848 
8385.3458 
7395.0557 
-5576.4638 
8592.9324 
1277.7665 
6688.6749 
9200.4843 
6474.2882 
2449.4414 
-1239.0743 
1279.0304 
527.8702 
818.9809 
695.4210 
-1940.5137 
4397.2732 
-1624.2280 
12069.4789 
1270.3162 
7422.1024 
-10791.5526 
1949.5607 
-2709.7971 
24048.1795 
-4021.9886 
591.9088 
4696.9581 
564.5087 
8755.8436 
2078.9032 
1649.1043 
1509.1224 
9760.6880 
8666.2538 
2635.5020 
-1999.6090 
-5182.6015 
-210.8700 
421.2188 
3175.0434 
-4887.4377 
-5523.4146 
-1716.0471 
374.6888 
-6315.7123 
-1200.2946 
-605.8013 
-157.7893 
-10122.1079 
-461.8974 
-14269.9776 
-4792.5478 
1149.3610 
-2825.9250 
20809.7774 
848.0569 
-7401.7741 
-16973.4387 
-10256.0258 
-177.3322 
-4018.1905 
1501.2593 
-3369.1372 
2435.6635 
-373.5242 
-581.7239 
-1316.3390 
-9750.7865 
9101.5053 
1380.7632 
3036.0463 
2369.7669 
2566.6211 
764.3168 
765.8778 
1132.6157 
2684.4617 
495.8267 
-2151.2748 
835.9552 
2756.4936 
1071.7231 
7434.7180 
892.1672 
-10350.4625 
-28806.5798 
393.7309 
-972.7753 
9019.0384 
1201.3842 
-15932.7210 
-13353.7565 
5503.0776 
-74.0506 
-2413.3351 
922.9278 
-528.8424 
-3503.6908 
1027.7815 
-204.1009 
-228.1650 
14622.9262 
2656.3893 
-1037.5616 
5625.4095 
1587.3702 
-6062.0929 
-534.9948 
1051.9197 
-1340.8197 
-198.8625 
-1980.8027 
-1595.2246 
226.9089 
-1325.8785 
-658.8490 
-7355.6491 
1585.9468 
-20541.3290 
-1211.0772 
212.0327 
-6628.5371 
7102.9314 
1187.3287 
-6452.9763 
-15185.0073 
-2969.5172 
-513.4630 
-750.7941 
-1189.6280 
3004.5527 
871.1419 
690.6812 
-140.8712 
1647.7769 
7246.8821 
-10792.8302 
-4900.0746 
-13929.1530 
-10758.1550 
-8907.1885 
1969.7332 
-4629.1826 
-6549.0877 
-8254.5556 
-6309.1323 
-8294.6724 
-1029.0035 
-3660.1181 
-1173.7311 
-28100.0420 
-1441.9442 
-38500.7504 
-21110.5036 
707.1808 
-11416.1817 
-22547.2081 
543.7124 
-24849.5029 
-23831.8796 
-18780.3283 
-511.9172 
-2699.9958 
-2505.4584 
-6460.1088 
-4454.6873 
-1304.8403 
-1302.9261 
-14526.0633 
-23555.1058 
14765.1824 
-801.4462 
-2791.5718 
1547.1187 
1726.2770 
312.7526 
11371.9474 
-2477.6205 
-144.7758 
-993.3408 
6855.9622 
164.8479 
-4241.2003 
1316.2274 
-2125.1053 
8110.1599 
-11309.3611 
8380.7143 
183.4713 
-6212.1837 
5402.3858 
-914.0005 
7593.7313 
2541.7062 
-14430.5168 
-369.0151 
4035.8449 
342.4151 
-8326.8045 
1019.2166 
-158.8527 
1081.5413 
-502.7341 
9455.4319 
7617.1991 
-3321.6250 
-1485.7737 
-1839.7688 
3701.8566 
105.2584 
-2866.0164 
1310.4329 
-3631.4445 
-2862.8582 
8.9321 
47.5326 
-1355.9290 
-363.3786 
-12725.7608 
5817.9734 
-33165.1989 
-1817.2837 
-138.6349 
-6600.1805 
-5619.5065 
1617.9679 
2357.5695 
-5337.6581 
-3095.9385 
332.3412 
-2574.5903 
-1288.2611 
-7826.7551 
-7711.9581 
-1354.3310 
483.3026 
2495.9507 
-2960.6206 
4485.5123 
2494.9170 
299.1043 
2757.7376 
2513.8938 
3632.1242 
-461.5594 
408.9532 
-2013.0747 
755.1151 
-905.2226 
-1153.0670 
-207.5172 
196.9323 
-1424.1236 
4258.9580 
-16605.9256 
-17085.0294 
805.0488 
2572.4428 
-23814.5409 
-695.5214 
19638.8026 
-2708.8417 
-684.4983 
-231.8531 
-670.9404 
-2606.7507 
6072.3920 
-11568.0339 
-1209.6430 
996.5846 
1759.1762 
1488.8628 
-1779.4213 
-224.4444 
-2811.4382 
1862.8319 
732.2072 
1620.0294 
3452.4385 
127.8887 
4785.7637 
-684.2036 
-6311.4417 
-300.5717 
-2172.1875 
-832.9409 
-12166.9533 
-1597.8074 
-8943.5237 
5408.9431 
-945.1089 
1717.8001 
-695.6921 
-1068.6974 
-2683.3974 
-6706.5396 
4890.3854 
-109.7926 
-12.0396 
27.4513 
-899.4689 
-1027.2999 
-224.3095 
-1182.0773 
-77.8546 
-3157.6920 
-19406.8075 
4066.8160 
-2836.8207 
3868.2489 
4720.9203 
1896.1254 
19501.5389 
5270.2556 
1463.6646 
6730.9721 
9146.3440 
1319.1348 
1962.1977 
-385.7251 
-6539.1051 
7195.0133 
7891.4055 
6979.7187 
1235.3931 
7535.1170 
2964.9257 
526.4137 
8231.0716 
14278.4830 
26012.6375 
137.5450 
5994.7853 
1521.0043 
8127.1996 
1172.0082 
-737.6853 
1300.2288 
-12206.3720 
-23249.8934 
2098.7726 
5133.3738 
1027.8154 
1961.3556 
1949.6527 
6204.5045 
9512.1199 
-3732.5317 
-428.1768 
1483.2567 
3943.9075 
121.7575 
1689.5426 
-498.4248 
-4070.3820 
609.9649 
-14641.5026 
-12120.6854 
1518.8277 
6602.6120 
5773.2285 
758.9609 
-12772.6642 
3842.6210 
3051.2797 
-172.0472 
4025.9892 
1816.9699 
7076.6118 
7190.2094 
1650.4979 
1075.1977 
6824.8444 
-19594.2023 
8268.7867 
779.1143 
-3129.7407 
-427.3723 
543.1690 
3650.5409 
7103.6517 
2386.7559 
-6408.4072 
-4707.7968 
-2738.1833 
-1423.3993 
-1042.7921 
-341.5899 
-11909.1471 
921.0180 
-32208.2131 
-1769.3579 
753.6994 
-8759.4741 
-3249.7299 
571.7634 
-16543.0217 
4361.4034 
-6716.1705 
-326.4895 
547.4842 
-3731.0894 
391.4539 
-7006.0311 
-2705.9686 
1348.9614 
-3120.1774 
1786.4365 
21132.3124 
3178.9490 
-17901.5935 
-2646.8069 
-10390.9578 
-1368.7894 
27184.4711 
1953.4557 
1468.3222 
-3122.1071 
8598.7827 
-776.8393 
-1134.3548 
30.1095 
-13198.2101 
843.5050 
-25910.2732 
18961.8075 
-977.2545 
-6617.1282 
-267.7027 
74.6923 
4110.4396 
-19168.5632 
-13850.2574 
-534.0039 
4293.3269 
305.0271 
-2058.3696 
1670.6273 
3009.8680 
1400.4550 
24481.0300 
8738.1942 
-3625.0758 
-3176.1731 
-36.3333 
-4529.0014 
-3599.0749 
3415.1461 
-23686.1053 
-7873.1176 
-3978.2722 
-5766.5763 
-5676.8045 
-313.7249 
-5.0286 
303.2294 
-11334.3098 
2667.6409 
-24504.7510 
1363.2161 
310.2882 
-1044.1552 
-22760.5295 
156.2225 
1234.5353 
-17404.7175 
-3214.8448 
145.8111 
-4974.5889 
-1817.4251 
-11144.9061 
-4981.0833 
1999.3750 
-322.6768 
-12602.2313 
1860.5727 
-5227.0787 
1959.9511 
4384.6384 
-1568.3715 
311.7523 
3624.9419 
2436.4141 
-4724.5958 
-3075.4396 
1141.4168 
2987.6320 
375.6071 
-2091.3500 
-759.3763 
-3908.3043 
-2985.7962 
-13858.7797 
3035.8680 
-478.8547 
-2912.8174 
5139.7016 
-1218.9989 
666.8340 
12559.6122 
632.2821 
-150.5018 
-1312.0566 
2376.5027 
86.9964 
1340.1755 
-227.3488 
393.2240 
2450.5457 
-4023.0621 
5799.1444 
3337.8478 
-9358.5268 
7314.4848 
3968.6474 
3583.5927 
-9076.4044 
-2306.9625 
-5082.1770 
3713.3827 
2751.8598 
292.3644 
794.0431 
1111.9798 
2621.7398 
-1877.0944 
21189.2348 
10805.0069 
-303.1630 
5409.3665 
18757.7396 
6.2142 
81.2883 
17456.9395 
15133.8931 
231.4470 
3855.2977 
3069.8653 
16884.9985 
6621.0403 
3057.0623 
882.7193 
2539.3752 
7453.8019 
12236.0956 
5535.3931 
12165.1335 
1080.8060 
2366.2558 
2640.3456 
5428.0537 
-5860.7948 
-5789.4405 
-3194.4373 
2537.5795 
864.2811 
1043.4692 
308.4937 
-3290.1034 
-868.2782 
-5595.0506 
21454.8487 
-327.7214 
939.8780 
23033.9443 
871.8969 
4394.3974 
4097.4164 
-412.6752 
-166.0064 
1253.8190 
271.3512 
-4691.4251 
-864.7801 
2203.9846 
683.9756 
5192.3847 
18725.1468 
480.8821 
-2750.0206 
4251.0442 
2977.0017 
3101.6635 
3024.3404 
5542.3227 
-3193.7611 
-760.3138 
5454.1109 
-1636.5395 
-746.4917 
-141.9916 
304.3179 
-7087.3624 
6630.1921 
-8720.5510 
14757.7329 
-989.3948 
-2000.2896 
23007.5051 
-553.7709 
3909.4883 
22654.4696 
6263.8294 
-472.8026 
1960.3220 
2671.7879 
15648.0293 
5076.8316 
249.1542 
843.1051 
6588.9065 
9936.0106 
7563.9811 
4627.6693 
6129.3164 
9144.3577 
9165.4880 
1475.6472 
19549.7269 
6979.8156 
2309.6536 
-2803.6488 
3762.7523 
678.8136 
-1357.6484 
-350.5246 
1562.9636 
5566.5044 
-6222.9005 
3818.3777 
474.0045 
-3523.5330 
14188.2044 
590.4552 
-1242.7258 
11291.7908 
4840.1357 
-452.7873 
3021.3503 
1840.5553 
6803.9130 
-1389.9455 
-457.3541 
1541.0898 
9034.0868 
-1370.2848 
4057.1172 
2802.8140 
3578.0081 
7436.6819 
1068.2413 
2324.2613 
10.8767 
-4301.0973 
2823.7055 
-2250.0301 
-5282.8585 
646.0840 
-2441.5703 
302.5636 
-8333.2911 
5319.8342 
-17102.1773 
8496.4987 
297.8202 
6261.9268 
2658.4585 
718.3866 
3096.6474 
-1940.0118 
-6832.7780 
-119.4987 
1245.9843 
-999.7836 
26.7578 
6646.7628 
1781.2848 
1408.9021 
1196.7254 
10626.5349 
11344.3693 
-2914.7670 
-1733.1936 
-2628.4072 
1857.8417 
2911.9212 
-2807.9351 
-691.0326 
-4881.1667 
-6357.6669 
-1594.8003 
1039.6823 
-2265.6949 
24.9595 
-17386.5311 
-229.6566 
-18550.1238 
3420.3521 
496.1851 
81.3336 
1248.1677 
1732.5993 
3084.2103 
-2239.3856 
-5172.0829 
-239.3934 
5985.5073 
1644.8326 
2969.1673 
564.6519 
-1232.6841 
1477.8183 
-3244.9227 
1855.8814 
2476.8936 
676.4324 
955.0450 
-3372.8641 
-6118.4398 
1035.1047 
1373.4375 
-4071.4923 
-4951.0504 
-1187.7800 
-3170.7942 
1093.8747 
-3242.9472 
-560.0379 
-10212.9138 
-3259.0087 
-10422.2223 
3041.3570 
133.6568 
1191.6676 
-8241.5300 
1199.6227 
1150.4220 
-15708.6954 
-8880.4267 
-269.6199 
-3501.0999 
-3294.2438 
8856.0157 
302.8115 
-4502.1340 
1396.4681 
11039.5077 
-2500.8007 
3649.5743 
-386.4968 
3698.1564 
-4212.6274 
-1417.3926 
5186.9277 
-2304.2640 
-5874.5316 
-2340.6892 
-2716.3759 
326.7210 
28.2861 
-938.3440 
-178.8301 
-386.3819 
-2384.6038 
-26050.6958 
13906.4773 
523.5324 
4439.7938 
-3261.1852 
-627.5322 
5963.8416 
-12382.2921 
-1727.0200 
-498.6856 
-411.3291 
129.3518 
2939.3186 
3014.3455 
724.9016 
478.4534 
-5266.2411 
11304.5630 
-420.1038 
5384.9599 
-8680.0451 
-6584.0870 
-5651.9161 
986.8212 
2270.8601 
-3624.4395 
-2626.4522 
-5786.0984 
-1998.5486 
-759.8363 
4.2155 
-507.0814 
-11967.7848 
-6015.2856 
-10557.5978 
-15956.4660 
1124.9983 
2980.6222 
-2349.1302 
970.0119 
-10725.0339 
-1054.3752 
-7483.7979 
468.9904 
-2332.9393 
-472.3697 
-10221.5879 
235.8884 
437.9207 
-997.4537 
-10449.9139 
-263.2131 
3180.2316 
-3829.4255 
-535.9101 
-763.1095 
-8834.5355 
-2578.0974 
-2722.3895 
-7250.5501 
-3291.2182 
-4985.6533 
5636.4527 
-536.2706 
-2318.2516 
228.7828 
-6159.3147 
-4633.6536 
-2545.4416 
2038.9233 
-1040.8470 
1480.3254 
8964.1769 
-1589.4985 
2227.7667 
4210.4577 
-1591.4555 
-170.9769 
-4920.5533 
-599.5103 
-4487.4421 
2543.9909 
-2101.6241 
-1220.6878 
-2989.8155 
5235.8234 
8648.6592 
1366.9979 
1524.8144 
8237.8017 
5062.3343 
6184.8046 
11996.8730 
7056.5269 
-47.1561 
1059.2578 
5429.9223 
-187.5693 
3551.8715 
1273.1320 
828.6160 
3628.1941 
9161.1030 
16728.1943 
599.1049 
7766.1894 
18989.7843 
-240.1737 
18714.5885 
14266.7888 
12399.6791 
230.4631 
5479.2245 
-1020.6971 
13398.4567 
4222.4130 
1960.6189 
1131.0564 
15408.1511 
-287.4551 
15213.5820 
2442.7713 
6825.9231 
8355.2536 
1429.5325 
2604.1214 
10392.6957 
-1370.2117 
-2804.8948 
-532.0885 
6215.3134 
-44.2245 
128.5299 
-122.1789 
-3200.6643 
6743.0349 
-9766.5227 
14065.6282 
1256.6766 
13249.5262 
38509.3887 
287.5215 
20279.3645 
526.8958 
35402.6117 
-0.3346 
983.3691 
-2883.1236 
11746.7728 
11022.4360 
694.3037 
1201.8824 
2433.8330 
27411.5595 
-4187.0055 
-8.5718 
-1601.7481 
4045.8813 
-3809.3654 
60.9183 
-4770.9439 
-3228.2107 
-6734.5697 
-1212.0788 
1448.7948 
-1618.3852 
-159.3083 
-52.2986 
-19939.7760 
3359.3733 
-22036.5660 
2911.0460 
1209.0822 
1421.6495 
12401.8743 
-562.7847 
-1203.9194 
-20851.7399 
-15731.9692 
501.6170 
307.2384 
-2826.3676 
765.9142 
510.8686 
20.2763 
-837.3114 
-3744.9161 
-20893.0959 
6509.2693 
1113.3627 
12002.2302 
3016.7091 
-192.7095 
2782.6413 
8033.9447 
-4958.8786 
-3048.4285 
1910.3861 
-2712.2455 
1732.5865 
-2019.2298 
105.0576 
-20800.3264 
7181.1805 
-16427.0596 
-209.5169 
262.8796 
3082.9654 
17859.4357 
603.3129 
-1733.9142 
-15586.2448 
-5745.0580 
83.0593 
-3281.7406 
299.6870 
-1019.3402 
3393.9365 
2.5585 
1400.9304 
7539.3398 
-905.5324 
-11517.3967 
-2461.5904 
-18363.2339 
-4083.1324 
-10230.7876 
-177.0765 
-17292.1554 
-6912.4186 
-4021.9298 
-7902.4138 
-8198.5590 
-928.6887 
-3747.4396 
-422.1302 
-23189.6560 
-5129.3074 
-48286.2413 
-10961.4615 
22.2192 
-10935.9419 
-27763.0779 
440.0439 
-25557.0514 
-43123.0752 
-40472.2406 
-235.7955 
-3125.2277 
-4783.1661 
-13286.6195 
-9935.4434 
-3395.4585 
-937.4396 
-18010.0482 
-33342.1323 
13152.1194 
-2720.4676 
10301.7621 
5179.2615 
1305.8196 
712.9721 
19258.7655 
-989.0166 
1552.7414 
-1394.2905 
3596.7889 
67.7144 
-1101.3640 
444.2736 
-17634.6094 
3117.8880 
-4378.6325 
13190.3522 
845.4254 
615.7483 
10852.4498 
410.7864 
20627.8399 
9433.8198 
12058.2592 
348.8156 
3069.9568 
-2344.2529 
1969.9334 
5764.6190 
413.8440 
1254.1548 
4880.3942 
25877.9906 
13138.7844 
7114.4814 
9367.2942 
12867.3286 
1829.1698 
9188.5136 
16643.2158 
563.4113 
5514.2249 
5902.7482 
6134.9060 
2502.4776 
4102.3373 
1077.2415 
8074.5923 
8122.1829 
31020.8175 
28674.9514 
676.7529 
24716.3939 
57588.3564 
1227.7942 
28808.7537 
10236.6341 
22451.0451 
297.9482 
956.8205 
1730.4836 
-2696.0576 
16127.9987 
2941.4806 
-609.9379 
13778.0257 
24394.2625 
1733.9555 
-209.2393 
5685.9440 
-8987.8730 
480.6984 
-2087.7374 
5105.7356 
-1501.7808 
-5608.4374 
-3880.1702 
2802.6031 
227.3517 
2030.0262 
-40.8382 
-25359.3183 
-3830.2722 
-29165.2212 
2675.5507 
-934.1538 
-2084.9540 
5524.4481 
-1578.6313 
12146.0200 
-1123.8600 
-8063.4782 
-142.0033 
1955.9011 
-4390.3421 
-599.8761 
-6730.1535 
-467.2269 
767.7380 
167.9081 
5753.6068 
9376.2959 
-3857.6006 
13111.1260 
-818.8459 
-463.1088 
-2621.4694 
9850.0077 
5730.5197 
-6746.4393 
969.1779 
1936.8237 
90.5651 
-766.9598 
-872.8647 
-4905.6439 
-306.1082 
-13492.7785 
5625.7061 
-671.0966 
-1344.4340 
1574.0624 
1474.2059 
7727.2517 
-2015.0573 
4088.1719 
244.9341 
4759.6051 
-3417.0003 
1346.9887 
371.5645 
-2442.8781 
1496.3404 
981.7634 
8677.2385 
6088.7540 
-378.3641 
11801.8601 
8762.4029 
7415.4846 
-244.9549 
7750.6760 
815.3336 
5615.1254 
530.2977 
4816.0841 
1777.5653 
1130.8541 
-408.5740 
15357.7043 
-1998.0386 
15292.0435 
22913.7587 
-372.1679 
15265.4675 
26259.0244 
-354.5473 
30479.4436 
15814.1187 
24003.9467 
472.2648 
1689.0183 
2113.9764 
7161.3025 
9825.2066 
2223.7615 
-207.7154 
6885.6784 
24618.3297 
16002.7196 
2696.6252 
5525.5153 
9230.8317 
4358.2268 
2912.3116 
15775.5614 
1661.2771 
2618.0589 
384.9001 
341.4625 
2466.5951 
2441.4607 
385.3932 
5677.8033 
5693.2667 
-3137.6752 
2180.5367 
1133.9832 
4889.6693 
22807.1182 
556.8846 
5218.0846 
24838.7910 
5653.3069 
156.2674 
2932.6126 
924.5342 
1643.4077 
11144.8581 
-292.1289 
1446.1458 
9277.6826 
5742.1752 
-10.5056 
-5626.8868 
13293.5583 
-7206.9010 
1007.7836 
-3899.0892 
6012.2768 
-3125.3286 
-5887.5338 
-3208.6195 
1797.5719 
162.3478 
-545.6450 
-269.0543 
-12274.0277 
-5888.4818 
-11624.4894 
-13579.4262 
359.7913 
-13619.7848 
-10957.9171 
-1213.7711 
-2827.8899 
7849.2260 
-12049.2300 
-435.0107 
-1452.9068 
1209.1200 
-14053.9231 
-3867.4577 
-766.6859 
-1353.1348 
-3477.3069 
4520.2819 
2703.4346 
-1398.4182 
9728.2801 
-6484.6306 
-3524.1431 
3464.0990 
8538.3221 
-5197.3397 
-2503.6378 
-3535.8475 
6361.6614 
-1164.7327 
-2613.2854 
-187.7903 
-4805.2434 
-4630.0060 
-13023.8825 
-5394.0178 
-1047.9110 
-13801.7104 
-19327.3889 
-238.7053 
-18748.4637 
-12905.2844 
-17911.9607 
-83.7954 
-2911.1583 
-477.6339 
-2929.5691 
137.3492 
2603.6167 
-860.3626 
-7405.9034 
3653.7097 
10558.5490 
2392.2095 
5813.6238 
13079.6959 
5278.2886 
9897.6713 
15458.9322 
401.8917 
2148.8961 
-2593.5842 
6443.6140 
1387.6865 
117.6397 
837.7893 
8646.7806 
5715.0540 
-5253.2525 
23713.6289 
-156.5345 
1760.7591 
20538.6468 
730.7986 
31307.6084 
23515.5634 
19290.7601 
58.4690 
365.9925 
4160.1452 
2586.5027 
6990.2271 
2709.5485 
974.2616 
3613.6925 
21456.6378 
-1872.3986 
-4709.5851 
-5757.2647 
4117.8026 
4419.2904 
6601.5503 
-10124.9637 
-2416.6284 
-5799.0323 
-3699.3344 
-7158.8937 
-1667.5036 
-403.1313 
163.7806 
-5294.7566 
-2280.1017 
-22015.5271 
2248.7171 
849.4662 
2438.8238 
3634.7210 
-652.0983 
-11419.8765 
-2668.3974 
-11408.1632 
160.3608 
1483.2365 
812.8871 
-3987.5127 
-3717.5549 
1007.8839 
1461.6174 
-10279.1968 
-547.5191 
-7486.4670 
-2359.2956 
232.7889 
-1958.2598 
3360.8738 
-641.9853 
-3918.8441 
-3792.9194 
1255.4164 
-1923.5773 
-4643.3820 
-1178.4520 
-3309.6205 
390.0927 
-22481.8363 
3852.9162 
-23726.2941 
2173.2682 
563.9980 
-4066.5540 
3387.3487 
467.9055 
-3875.1165 
-7519.4123 
-18863.6120 
-487.2133 
-4207.2930 
3885.7914 
-4813.7523 
1027.7934 
3132.7441 
-1106.7033 
-7162.0173 
-9974.8515 
3824.2543 
6423.7531 
-9626.2320 
6223.7172 
417.5400 
5038.7509 
-411.8750 
6.7525 
1581.1482 
-2492.9044 
-704.3934 
708.9504 
532.6015 
959.2159 
-5194.9597 
4259.8883 
-14355.4946 
4963.7300 
939.5731 
7584.7365 
4284.5013 
1933.9198 
-6352.4879 
-2460.6037 
-13140.7817 
723.8230 
2340.3510 
303.7348 
1422.6923 
3177.8865 
828.5066 
1123.5249 
-1872.9133 
5998.5618 
1026.2507 
-5366.5790 
-3244.1664 
4055.7404 
1270.2987 
3191.8504 
322.0035 
-5520.1820 
-43.1898 
1620.8256 
-5812.6621 
-1301.8495 
-832.7489 
-151.3514 
-2833.4585 
1275.6859 
-7710.9791 
6949.4768 
1245.8963 
1787.3851 
24913.7775 
575.9825 
5984.6703 
-12726.2146 
-5529.0140 
-428.9946 
-3912.3781 
379.4250 
-3700.8383 
2015.6368 
1143.3940 
-356.2141 
-5877.2197 
3832.6700 
7689.5892 
1255.0527 
831.5336 
117.0502 
1321.6506 
-2520.9853 
6510.2848 
1809.9760 
-628.6081 
2173.0611 
1283.0504 
1380.9671 
1404.7271 
274.3756 
8919.4792 
3477.9849 
-3799.9797 
22664.0816 
387.0069 
-4009.0472 
11957.1737 
1367.5139 
9057.6002 
-9738.8320 
13270.5470 
64.0532 
-2441.7301 
1572.3129 
1233.2046 
-1944.6796 
144.2084 
1062.5122 
-609.6304 
9472.4453 
5872.7007 
-405.8937 
8257.3950 
3259.3746 
-3657.8820 
-821.2623 
5071.9492 
1717.6827 
1157.7947 
-2549.3550 
-777.8514 
265.5971 
452.6541 
-793.4754 
-1595.7341 
424.1486 
-9924.3718 
3895.1893 
65.5912 
-3086.5423 
10546.7922 
1538.5538 
-1467.4312 
-8935.9960 
5082.2946 
-102.2484 
-57.6386 
-1130.5703 
-79.6310 
6616.3522 
1293.3940 
468.3132 
8005.7006 
9491.7586 
-4566.7828 
-4681.6339 
-2633.7221 
-5183.9555 
-5618.1618 
383.3298 
383.3614 
-4103.1761 
-1214.4395 
-8291.7478 
-6085.9229 
-328.2653 
-2322.3364 
-940.6816 
-9765.0823 
-268.4034 
-30238.1854 
-19677.0639 
-172.5980 
-3794.0753 
-10006.4491 
-649.7627 
-2532.9555 
-9247.0140 
-13572.2403 
176.8496 
-3171.4285 
-2251.6851 
-10749.8648 
-7441.8637 
-2888.8087 
-136.9810 
-15565.2616 
-421.6262 
18541.7217 
2640.8975 
2845.3327 
5513.2222 
3030.9512 
6523.5569 
22331.5217 
7855.7836 
-7830.2802 
-2297.2613 
3424.2960 
-1516.7982 
-1002.3911 
332.8425 
-13284.0049 
6679.5300 
-28966.6384 
-4869.1103 
982.9865 
-11063.7610 
-25586.4847 
1074.1072 
-19460.0448 
3665.7640 
-6551.5993 
286.4384 
4855.3601 
-3338.6899 
14212.9677 
-6180.4302 
-43.3566 
1471.2131 
5831.3800 
15258.8967 
14095.8825 
3888.4804 
-276.9201 
-2276.5172 
-545.1958 
-317.8468 
15926.1065 
-219.4394 
983.3895 
-5609.0883 
2910.6317 
817.5368 
-2789.4530 
784.2939 
334.0672 
1915.3381 
-19372.8366 
811.0527 
1146.2827 
-340.7535 
-4497.6853 
176.8274 
-1244.5270 
-2045.5077 
1400.8919 
-447.6472 
3640.8002 
759.9442 
7946.6490 
5951.9410 
-836.3762 
1402.5705 
4501.0152 
11953.0521 
8269.8865 
2801.6725 
5890.0222 
4174.6303 
7636.5811 
7107.7886 
6388.3561 
4492.1504 
5378.0074 
-2233.2989 
-530.8673 
1494.2195 
-1009.1539 
1092.1636 
15393.5810 
638.8443 
26818.7302 
15168.7040 
-184.3384 
4957.8552 
25399.8200 
1433.9566 
16924.6125 
31084.9861 
19190.8834 
38.2705 
1898.6878 
3730.8522 
5430.8201 
10437.5268 
1325.9758 
1350.6821 
10710.0837 
18072.7286 
9402.9525 
413.6937 
-5750.6705 
2482.3462 
-19.3975 
1226.3151 
7373.4217 
423.8783 
-2685.4575 
-3020.0411 
224.5245 
-381.2178 
919.7279 
-203.3885 
-15655.6666 
5463.7863 
-25957.7255 
5308.4169 
612.0068 
603.6768 
10323.9728 
1860.1042 
11396.9101 
-5537.4330 
-13017.6920 
74.6989 
2819.5239 
-1081.9042 
8499.6210 
-2473.3713 
59.5882 
1436.6731 
-3865.2795 
-5193.9561 
21544.8791 
5622.3572 
17447.6668 
1761.0932 
8023.1096 
8119.0034 
21572.9898 
6792.1775 
2643.5596 
4286.4972 
5534.6933 
1886.8693 
1161.6158 
657.3367 
2114.3460 
6714.0567 
86.7648 
23306.3818 
1612.7313 
10259.0538 
29655.6088 
2051.0138 
31919.4425 
39987.5201 
25847.2389 
633.8648 
3296.8186 
4569.0331 
10940.2818 
6117.6631 
1454.7928 
-719.9056 
19814.7544 
24546.0809 
8500.2918 
2532.4077 
1579.8833 
6010.1418 
3841.9364 
1755.1082 
13135.8996 
5652.0278 
358.9956 
-1839.4374 
6083.2991 
656.1069 
1702.3802 
810.3114 
-10247.1240 
2651.2563 
-8584.0282 
20841.4413 
905.4686 
768.1418 
26885.1948 
1807.2322 
11359.0823 
7897.1277 
5409.5034 
-555.3675 
177.1895 
2201.8627 
2168.1054 
7893.5019 
2050.1610 
1241.4215 
3498.9299 
16637.5774 
16089.7521 
7601.5649 
20926.7726 
1599.0990 
2776.4183 
-3450.5940 
17961.7630 
2578.6173 
9139.8870 
3878.4687 
8664.3365 
-868.9981 
1540.9953 
283.6118 
16267.8948 
9505.4925 
25769.9063 
42978.9818 
709.0935 
7367.3756 
50162.2010 
1407.7674 
46040.0251 
19166.9379 
25882.3181 
439.8942 
2154.8311 
1641.1896 
-1471.4290 
16663.4525 
2295.6223 
323.2121 
14055.5937 
46446.3778 
9301.6559 
5789.9598 
8220.1448 
2887.3254 
3412.8543 
-2699.2685 
17796.8579 
-862.7575 
2385.1118 
3970.1296 
-2132.8861 
-1747.4759 
363.6679 
934.3611 
14978.3050 
4420.0180 
15770.2668 
16719.6281 
444.6899 
10230.4400 
28465.5431 
1198.1552 
26955.7283 
19083.2834 
28211.7839 
-14.8109 
3048.9756 
133.5816 
-5362.4547 
13059.5942 
551.2082 
1471.4290 
4690.0971 
22201.3358 
3232.2403 
-1496.1517 
-8481.2715 
30.4955 
-2999.8705 
-3376.8514 
1060.4885 
3302.8979 
-2858.6431 
-9345.3745 
3865.7926 
-862.1646 
-2680.9152 
-679.9052 
-11962.6981 
7450.3833 
-29595.2451 
-2813.0364 
277.2409 
2206.9683 
-15611.9602 
-498.0614 
-18711.4404 
-12391.8604 
-18728.6204 
-65.3512 
-714.8810 
-2838.0042 
-1714.8281 
-8587.3060 
-2840.8456 
-1323.9897 
-7917.5315 
-15571.7134 
13305.4935 
3587.6371 
13772.4911 
8462.2234 
8115.6494 
4220.3980 
27592.7675 
3210.3000 
2612.5233 
6269.2852 
5486.9286 
112.3009 
3250.0500 
383.2866 
17575.5931 
1153.2590 
31014.8236 
29305.1307 
144.3878 
18595.9816 
38457.4913 
1777.1738 
31656.5703 
37925.7300 
29210.1489 
240.1097 
1595.0758 
1733.3472 
12218.1030 
10579.1243 
1178.7729 
1393.8150 
13249.4071 
38585.2967 
2156.7928 
-547.7558 
15543.9082 
3497.4469 
5267.9374 
4549.1379 
7699.9662 
3569.8328 
-1885.2241 
-4033.1723 
647.1506 
-797.6432 
-2551.2157 
-716.0811 
-13333.3671 
-1007.2703 
-24708.7055 
-3444.0598 
61.7149 
-5385.2323 
-19532.3823 
1402.5561 
10100.4096 
7160.9318 
9202.7183 
-673.3689 
-333.6941 
249.3360 
-4257.3741 
-3765.6432 
316.6768 
953.4419 
15904.8740 
9986.9894 
9770.7969 
2409.3387 
4737.9070 
6295.7681 
-3995.6195 
7384.8751 
1538.2919 
-306.2559 
-1292.7380 
-1228.8572 
-2660.4244 
-297.2308 
-2852.1854 
437.4325 
-4879.1876 
1820.0742 
-18818.1851 
-810.6654 
675.6842 
-739.5211 
-3147.4244 
1016.1979 
10338.2594 
1917.9885 
2368.2825 
-404.1547 
1218.7878 
-1272.9759 
6143.7635 
-1075.3799 
-59.6192 
144.3837 
6793.9508 
13355.4204 
-1935.2617 
-2151.2330 
9387.4384 
-4849.6034 
1755.4223 
4401.4255 
-15006.2600 
-5336.5666 
-3507.1133 
-5123.8343 
-4099.1423 
-1565.5850 
-3902.9880 
509.5821 
-20396.4708 
1940.7546 
-36583.9447 
1087.1547 
-1344.3885 
-8469.5363 
-26134.2944 
-1404.2942 
-11724.4758 
340.1470 
-9394.3836 
-497.3099 
2770.6521 
-1294.7416 
4677.2552 
-8827.8907 
-357.3780 
667.1183 
-256.1114 
-4698.1712 
14653.0856 
5362.0813 
10990.9597 
4687.1278 
422.0054 
483.0158 
13471.3272 
4336.5043 
-2263.8652 
499.6988 
1351.9354 
1672.6578 
-858.2426 
732.7439 
-9007.9017 
2401.5455 
-9599.9164 
15272.3421 
944.3351 
-827.0412 
17505.6211 
1646.1738 
24341.7099 
-4349.5870 
12100.7460 
370.9323 
2885.1790 
-709.7826 
5597.6728 
4150.1041 
441.7861 
415.3194 
3137.7484 
24269.9327 
5311.2191 
-1217.0559 
12586.9303 
-3726.0909 
11242.6158 
-1638.6393 
13546.0458 
-4988.4730 
-9554.4385 
-3488.9613 
-1410.4183 
-1401.9848 
-3640.2188 
-820.4855 
-16264.1087 
665.4467 
-33644.1297 
18201.9179 
196.2547 
-6592.4900 
-23673.8524 
52.9607 
11304.6958 
23743.7704 
17998.6281 
-237.5978 
-4331.9410 
-4493.8858 
-2187.0639 
-3824.5975 
-3096.5284 
1232.5870 
-6373.9583 
14128.7895 
15998.9807 
2467.4166 
4904.0941 
1461.0406 
2081.8783 
987.4232 
2981.4040 
4517.5779 
-3898.8384 
-2231.5474 
-3545.7805 
1900.8113 
-981.5595 
1071.5938 
-15900.8951 
4168.0345 
-10344.4604 
8414.9868 
707.5424 
1129.6917 
9967.4909 
1293.5439 
15788.6195 
-28.9962 
6279.4237 
-315.2860 
475.0896 
1714.7756 
11905.1795 
-3045.0350 
2926.6913 
993.0046 
5900.9183 
16818.3286 
5170.2485 
-1625.4049 
-479.4756 
233.0362 
7923.2220 
319.0370 
15567.4616 
1442.4586 
-5549.9033 
-2508.4482 
294.9921 
738.1340 
-2330.6505 
607.7864 
-18552.6377 
-1639.1432 
-20026.1055 
4714.4261 
-548.2680 
-12621.3332 
-12284.1354 
-1118.0276 
4514.5386 
6872.1278 
-15343.2922 
-84.2215 
5084.0421 
-2103.0545 
8621.6150 
-6443.3048 
-684.2143 
1370.4110 
3520.4307 
-10000.7548 
7849.7491 
1945.3231 
-2201.4234 
2862.7184 
5095.1268 
735.6828 
-5139.5107 
-4051.5692 
-5217.3949 
-4468.4367 
2458.8870 
-1254.4342 
-2532.9941 
-427.2633 
11905.9099 
2870.7282 
-36503.0788 
10931.5537 
-232.6082 
-8152.7757 
-807.9750 
6.9763 
-3509.4913 
-3059.7385 
-1324.2964 
203.2527 
-1069.4285 
-2394.4094 
3643.1090 
-3691.2136 
274.5959 
1351.5225 
4899.5960 
763.6686 
-641.9344 
2038.8602 
-5093.2896 
-5988.7197 
-3079.6088 
-164.3926 
-9842.1911 
-1429.1628 
-7017.8851 
-4786.9556 
-2552.3638 
-1306.4369 
-1995.9880 
-1609.9790 
-25504.8590 
3411.3020 
-47281.8413 
-15032.0650 
811.2723 
10144.3848 
33248.1302 
-865.1700 
24607.7340 
20456.0814 
29027.7336 
-644.1916 
-5905.5031 
-4330.8850 
-6171.7542 
11947.3692 
-1503.3796 
-999.8894 
-9022.1185 
3689.0933 
3555.5268 
-492.5235 
1867.9036 
-628.7021 
674.7311 
496.4593 
-669.9491 
1746.9805 
-7336.4916 
-4070.1221 
-1523.7464 
-886.5299 
-3127.6741 
346.6787 
-14692.8951 
3169.8824 
-27178.5320 
-8358.1452 
736.3489 
-15923.7940 
-8684.8773 
206.9609 
-2428.6632 
-27461.9681 
-3549.9056 
-184.0932 
3175.9570 
-3494.7377 
-1367.6184 
176.8110 
-614.5761 
662.3081 
11404.2062 
3792.8564 
18285.9635 
7833.5107 
9080.4973 
13342.7312 
3865.1421 
7956.3209 
34707.2771 
3927.1680 
2480.9310 
7889.9501 
10341.7831 
2292.0229 
5571.6818 
-770.2383 
-7894.2533 
10276.0096 
3450.0223 
36272.1925 
435.3990 
18815.4701 
43141.2156 
1244.3185 
45943.1010 
46767.3281 
49425.4664 
749.5645 
2988.3721 
-589.5296 
15910.5320 
13646.6314 
936.2065 
1121.2287 
14931.6698 
46245.5741 
9451.1103 
2259.0356 
7119.4833 
-1951.5276 
4841.9976 
-4819.6371 
9935.3706 
4112.2834 
-8854.0882 
-2972.4646 
7096.2736 
-1305.3121 
-4606.0151 
-1087.3753 
-8003.6105 
3590.7658 
-26150.2911 
-2094.9144 
271.9651 
-19863.8521 
-17408.4920 
1764.5003 
12805.9740 
16608.6189 
13416.5141 
-634.5341 
1548.1732 
-1935.8213 
2219.5008 
-1406.3166 
-80.0473 
937.9687 
5800.8105 
24960.7652 
11878.7873 
-1207.0715 
-4908.6037 
-1814.5682 
-4728.8055 
2590.6111 
4879.5907 
-5742.4559 
-4167.5561 
-2854.1677 
2012.8739 
-1833.4554 
889.0983 
-1243.0725 
-28569.8797 
-2305.4978 
-37983.5628 
8477.3528 
-129.4790 
-208.2133 
17625.2505 
1071.7857 
-21467.7867 
-27394.1284 
-6898.4559 
566.0263 
-3406.7430 
-3265.6834 
-6030.9674 
-4509.7068 
-2722.9399 
1307.3928 
2271.6327 
13258.0362 
2931.0088 
2322.7785 
-438.0168 
7813.6703 
-5198.7680 
5702.4838 
6610.5958 
1473.2661 
2660.5745 
-148.8579 
-3950.3917 
493.5299 
203.7739 
706.6371 
-17780.4382 
1889.6146 
-16179.3095 
20069.5831 
547.4134 
8807.9820 
31630.5164 
679.1295 
18055.5919 
-1248.1669 
12084.5375 
27.2602 
4671.4997 
-304.2284 
1454.4275 
13067.4837 
-260.0409 
1468.0132 
9352.0192 
15726.3234 
7442.4917 
2040.9271 
6311.7907 
3433.8118 
-1937.6851 
4354.8771 
6157.9119 
2401.6453 
-2447.9467 
-2403.0684 
2306.4330 
986.6844 
1514.2404 
62.7583 
1873.5982 
1993.3390 
-15722.9896 
8301.3505 
522.5891 
3454.3868 
9085.8232 
-640.3045 
-545.5502 
-45.4392 
4168.7775 
-106.9442 
1721.0618 
-497.9720 
7430.1672 
685.9259 
-347.2124 
1508.1899 
9142.5919 
13963.3110 
6983.6643 
652.0876 
-10081.5662 
4185.7793 
-7686.7029 
2709.4232 
-1936.3814 
1640.3367 
-3283.5293 
-4743.3295 
2619.0403 
-1774.9375 
292.1307 
-1248.1967 
-6119.4420 
1696.8445 
17937.7872 
12482.6293 
811.3368 
-1964.7038 
898.1931 
-56.0514 
-5098.8428 
3712.6006 
-12962.6812 
-292.2512 
-1780.5910 
-3521.2324 
5851.5119 
-6157.5530 
-1852.9404 
1211.5040 
11228.2307 
-7706.7486 
6007.5642 
5105.1734 
877.4975 
5590.9207 
-4723.0285 
5148.5146 
6932.5629 
1005.1477 
3493.0082 
-847.6670 
2480.7040 
-41.9044 
-277.1057 
472.2261 
-151.6738 
1257.2007 
-7904.6442 
12122.4663 
968.6201 
2847.1077 
17520.6704 
-365.0993 
17538.7686 
10888.7992 
28257.1288 
-219.8023 
802.1534 
1825.0628 
8013.2824 
5887.9585 
1469.7665 
1536.3760 
-1203.3397 
-2606.8640 
15676.7932 
5677.9474 
12583.2575 
1961.9898 
5793.7465 
2440.0300 
5319.1576 
5735.9773 
94.4184 
1957.5903 
545.4498 
653.0619 
1439.0257 
1215.9712 
16542.3221 
3904.9409 
15005.7198 
13616.3962 
914.6263 
13089.4721 
35118.1362 
2196.3546 
21945.4699 
17056.5227 
2977.7612 
23.5181 
3648.8096 
1506.8828 
-2051.2689 
-971.5189 
1938.8133 
1538.8362 
17455.5966 
13900.3304 
12067.8285 
2113.0546 
435.1074 
733.9545 
4692.2519 
694.7398 
11827.9279 
-2717.9439 
-8096.7386 
460.3483 
-3107.1517 
163.9133 
852.6556 
835.6036 
15837.5677 
2172.4541 
23845.7428 
-2829.4754 
305.9214 
2604.9553 
-167.7299 
1961.9784 
11861.9185 
-4968.1959 
8843.5407 
-430.6264 
-742.1883 
-3380.9323 
3626.2612 
-921.0527 
289.4728 
444.9014 
13029.1165 
-3656.6203 
-106.1600 
-5381.1109 
67.1804 
-2130.0083 
-8038.4442 
2869.2665 
-203.3720 
-2732.9040 
-1535.9108 
-616.8857 
-6872.3182 
-144.6897 
-2018.2144 
-301.7908 
5915.9284 
-2623.9723 
-5297.0734 
-9641.5150 
-170.3802 
13069.1910 
30104.2182 
993.5819 
3855.4072 
-26420.8274 
-5603.4982 
-259.3612 
-2877.6988 
-1466.4822 
-6807.5356 
4573.6931 
-2171.5613 
-960.2935 
-10445.0768 
1979.3373 
-5940.1213 
4909.4884 
-6141.9373 
4219.8296 
4788.3247 
3200.6919 
-6635.1710 
681.7226 
-2029.3703 
-3217.9527 
4661.3206 
-110.5959 
519.1457 
595.8694 
-12365.4951 
616.0200 
-67.5640 
10722.0485 
948.9094 
-8343.1509 
-5508.2681 
311.8377 
2075.1009 
3099.4214 
-5773.9279 
-386.8767 
-2969.2234 
1770.4813 
7026.9105 
-3789.5785 
1012.3284 
-1110.8680 
-908.1819 
3680.3833 
8703.0349 
-2752.4886 
10172.9626 
1908.6699 
3956.8233 
3618.1628 
15138.2571 
-560.7681 
-4133.4897 
-472.4973 
954.1396 
213.5679 
4202.2963 
648.2466 
-4783.3579 
2242.1920 
-16212.0759 
26082.4374 
637.2387 
-4169.9868 
-9582.7360 
-848.2730 
15288.8581 
-564.4957 
-4521.6473 
-324.6880 
1739.5758 
-1872.0667 
3398.5297 
6434.8025 
-382.2960 
1234.7104 
7159.5683 
8265.2900 
5651.5471 
1824.6538 
4346.4022 
6522.2210 
-2716.4067 
1176.6423 
2936.4718 
4380.3976 
-3499.8565 
-3418.1097 
4520.0413 
1810.2247 
-3852.1311 
79.0760 
11886.9078 
2146.9526 
-22072.8654 
19335.8535 
-204.1682 
1097.8956 
-986.1259 
1071.8880 
10655.3992 
14061.1830 
11487.2327 
-359.5611 
2880.9946 
1941.6474 
7267.2701 
755.9317 
-311.0717 
945.4039 
1938.2761 
12936.5128 
10336.9207 
2968.3653 
-4366.7057 
3212.2260 
-4034.0124 
-608.8221 
3506.9030 
-1764.0916 
-3366.0829 
-5016.1126 
-401.1925 
-975.2390 
-2116.4854 
-735.4950 
-21521.1582 
3229.4833 
-27343.2472 
-1084.9521 
979.3318 
-8400.7101 
-5551.1346 
1827.9214 
21391.5741 
-763.6645 
-5121.2371 
532.3091 
994.6238 
-1866.0872 
2180.1098 
-5666.6612 
-1190.0961 
862.7802 
-2250.1663 
11804.6038 
10906.9952 
6346.9269 
6049.0873 
1059.7797 
-783.4973 
1206.7802 
19710.4710 
-263.4447 
-3947.5231 
1274.3290 
-324.0708 
-939.8119 
274.9139 
-84.1240 
-16667.8954 
6128.6823 
22238.6795 
24632.5140 
505.8934 
1441.6341 
13475.5482 
46.7131 
5842.8631 
-8475.7550 
-3929.1580 
-315.1596 
1952.7804 
-3000.2491 
2956.9421 
4909.8658 
494.4363 
-353.8971 
15357.8637 
13266.4476 
-12098.0651 
333.4212 
-4445.9557 
566.2427 
-2369.6347 
2176.2390 
-5949.3359 
1121.7120 
180.3835 
-985.9747 
-560.6507 
-258.8608 
427.3615 
-218.5312 
-8573.4137 
1973.1442 
-10141.2883 
-9146.3536 
-1306.4434 
-2118.3394 
-353.6714 
-202.4462 
-2980.4294 
-1261.5598 
6330.3374 
-95.9714 
-1723.2871 
2215.7291 
-611.8259 
6445.7237 
-3462.8602 
1194.0528 
1641.6115 
-2648.4964 
-3323.9137 
-458.0387 
-381.1520 
4053.5225 
-1442.2478 
2095.8877 
7501.1862 
-131.9609 
-2583.8122 
3760.2272 
-210.0483 
1292.5801 
154.0494 
496.9848 
-8381.3537 
1522.7700 
20810.4331 
-9932.3625 
353.2286 
12040.7874 
11472.0006 
562.4303 
2634.5637 
-2472.3369 
11747.5124 
-300.3368 
-555.7953 
-2023.9045 
-13260.8480 
8860.2421 
1382.4679 
562.7954 
-14184.4419 
19536.0081 
6446.3329 
-2491.0304 
-2852.0822 
70.1123 
-4218.2225 
1698.7888 
-618.7290 
-6376.9689 
-6067.2362 
-8542.3128 
-417.5111 
-279.7977 
-296.0264 
-1195.6965 
10139.3418 
-1527.9732 
24361.8347 
5524.8563 
723.0804 
-7258.4707 
-9481.6524 
346.2493 
-3473.4125 
-9821.4433 
-7518.4366 
35.2599 
866.6085 
-1500.4712 
-3177.2409 
-4660.7880 
-1408.7158 
-90.0956 
-2488.6464 
5837.3752 
10580.6772 
2730.3686 
-3337.9096 
118.6444 
-6832.3972 
-1162.4316 
20691.5336 
-2257.9803 
547.4709 
1150.1036 
4272.3613 
1179.6259 
846.1900 
220.4760 
-6433.6244 
5789.2971 
-1828.2992 
-1120.3817 
836.7303 
4374.7165 
32636.4843 
2179.5277 
12221.7429 
22259.6862 
11893.0755 
-33.9931 
3749.5924 
-458.2532 
2759.1463 
5732.5736 
-1070.6367 
1123.5445 
972.8956 
17596.1801 
19929.3796 
3878.1660 
21155.1591 
-2500.2017 
931.8707 
958.3678 
14664.9128 
-1740.4242 
-1897.3086 
7413.4125 
7076.4183 
-809.4238 
-3535.9273 
329.0476 
16581.4835 
3326.1106 
21684.0957 
18678.6425 
-467.3370 
15534.7474 
-22409.4869 
1141.0607 
30938.7984 
878.7335 
13698.4050 
-206.1750 
-36.4291 
27.9329 
8762.2482 
-1678.3444 
3416.7817 
1452.1772 
15352.8149 
30021.1069 
13794.1124 
-1812.2543 
9451.8129 
11769.5227 
2347.5109 
8005.5381 
10482.4218 
4164.7272 
1009.2040 
6881.7070 
3535.9558 
258.8694 
914.2895 
2.3425 
-6336.5369 
5565.8790 
-2919.4978 
-3825.0109 
730.6098 
15793.6859 
55064.9520 
1662.9556 
-8153.9588 
8394.1503 
19627.4569 
541.5712 
5416.5728 
-3101.0860 
17141.6521 
15664.4211 
491.2682 
1100.1470 
2396.3631 
5527.9269 
6918.6446 
-4829.0700 
2585.9313 
-1809.8423 
-3662.5312 
3360.5116 
14742.2309 
2371.2943 
-1508.5176 
-6026.6863 
-1823.7204 
-316.9581 
-1656.3607 
-855.0069 
-9987.4680 
-48.0795 
-25144.8000 
-10070.0245 
533.1049 
176.1519 
-1845.9909 
-336.8239 
-1247.2162 
3822.7572 
-6535.1206 
173.2975 
-1391.6443 
-463.4027 
-4627.0984 
-4913.6729 
-3090.8980 
276.7786 
-4394.2155 
7217.2232 
23366.5385 
5382.9907 
11599.7776 
4708.8688 
7200.8360 
6824.9239 
28867.9404 
8040.6573 
-4014.1023 
-1684.3041 
4416.5136 
-1365.4426 
66.9710 
826.8752 
-569.9413 
7121.6244 
-7538.1250 
13933.4472 
778.0147 
-1444.7098 
-6848.2701 
1095.4618 
4454.3343 
19298.3315 
18613.0404 
301.6227 
5178.5294 
-2742.6311 
13626.0469 
1459.8764 
1393.9751 
1515.1876 
17479.3303 
34284.6423 
16499.4235 
5944.1844 
2043.3467 
1478.0985 
750.4694 
-378.1486 
21497.4175 
2650.1096 
2807.7635 
-2953.3754 
4886.6020 
1129.9621 
-3474.4254 
1010.1349 
5770.5036 
3919.3094 
-13892.2368 
5928.9572 
1601.5361 
1925.9699 
11202.6712 
712.0458 
5745.1865 
11748.9399 
7207.5508 
-144.0123 
4490.4995 
1866.1452 
11001.6814 
9929.9351 
513.3756 
1530.5856 
9017.8762 
18273.7922 
9686.6198 
4243.4447 
7763.1337 
5587.8226 
10002.3340 
9506.2381 
15973.9658 
4713.0033 
6985.1175 
-554.1814 
660.1016 
2052.1411 
-846.2051 
1177.5178 
26176.5046 
4151.5602 
37192.6367 
20272.8549 
-247.7072 
10748.5930 
35138.6974 
1138.4203 
26248.3215 
33547.3440 
23691.2611 
357.1239 
4868.7530 
4409.8767 
8997.8967 
15377.4301 
3359.7931 
1550.8961 
18470.4870 
21001.5135 
9974.4030 
3259.7420 
-3100.3350 
2706.4107 
1773.0870 
310.3056 
8972.2820 
1035.4024 
2221.3251 
181.7780 
1302.8122 
-319.2910 
1417.8386 
140.8219 
-8460.7724 
4150.5781 
-11803.1360 
14539.6431 
815.8754 
9762.2030 
21727.6557 
1954.4429 
20982.3654 
3047.2501 
-798.4022 
-472.8231 
3858.8993 
-686.9079 
11640.0004 
5763.3240 
239.1988 
1487.9199 
1336.6654 
7170.9203 
15791.7652 
8099.5047 
21631.7992 
1726.8484 
10696.9205 
6056.8161 
17139.6933 
7924.9787 
6650.5616 
2038.4320 
9685.2689 
1867.3413 
1227.6100 
1396.5875 
14022.9490 
10256.8350 
14769.8784 
33239.4314 
1595.6077 
6751.0517 
26838.8640 
1759.2071 
40264.3081 
40143.8206 
30459.8246 
369.4560 
3126.3885 
4129.4911 
11803.1860 
5462.1066 
3394.1927 
821.1685 
23900.0152 
29822.4453 
350.1071 
584.8959 
-1389.2270 
10735.8583 
4455.7282 
7236.1025 
13395.6925 
6425.7060 
-211.6571 
1889.9839 
7377.0611 
-350.5754 
2062.0824 
1166.0987 
2790.5164 
4422.8087 
5715.4426 
19036.4746 
254.7378 
1725.5261 
19802.6549 
1230.9684 
9950.1626 
13799.9993 
4904.6175 
556.6586 
2022.7373 
4013.5693 
6053.7019 
1004.8157 
1472.7999 
1321.0409 
2329.7532 
-522.7856 
19701.9615 
6982.6009 
21684.0951 
4778.0404 
3503.4195 
-2496.3728 
29501.4936 
3870.2984 
8556.4102 
4605.7590 
8407.8755 
-383.0700 
877.4382 
480.9780 
19318.2658 
8950.3157 
18932.7141 
44000.2360 
907.1505 
14015.7640 
47803.5214 
1286.2840 
47752.8356 
21891.3166 
39447.8801 
343.5652 
1517.6171 
1078.3019 
-3754.2522 
18096.7298 
2722.1060 
1390.3774 
16643.1908 
44384.0546 
7590.6891 
247.3653 
1884.4881 
3226.0486 
3900.9957 
-2098.2815 
16119.5371 
61.1025 
-4070.2948 
-3250.4568 
-1855.2444 
-808.0065 
-1459.8665 
1151.4603 
7290.1605 
3506.0218 
-842.8037 
2627.2550 
178.6269 
6219.0028 
28199.1670 
1248.9982 
7062.3319 
15318.4442 
15568.2249 
-123.1215 
2665.4067 
-445.6940 
-1803.2059 
8736.7087 
-995.3025 
1506.1322 
2003.9893 
7949.4009 
11309.4495 
-981.1107 
-5689.1962 
1317.6318 
843.3224 
-277.7455 
9699.3841 
7243.1822 
-2259.4706 
-9839.3399 
4199.5944 
-230.9228 
-1414.2602 
-705.9301 
-15057.2261 
6002.2553 
34985.9948 
1804.6853 
29.2202 
1056.0190 
-468.5610 
-638.8492 
15580.6481 
4319.1194 
-12718.2861 
10.8621 
3141.3813 
-2433.6937 
1506.2290 
-6041.4449 
-886.9759 
-510.7627 
2412.2659 
-5180.1286 
15396.2206 
5818.1895 
16237.6210 
12814.6638 
8692.5164 
4262.3428 
29477.6429 
6703.4180 
5177.6041 
10298.9462 
7823.0445 
2072.8614 
5800.4820 
445.5556 
19560.6444 
10293.7695 
40796.7092 
18339.1732 
38.9842 
19208.5804 
29607.7007 
1823.3128 
37647.2111 
39988.9551 
33211.4818 
367.8275 
5419.1495 
4228.0157 
16069.1048 
13585.7560 
720.9702 
1519.8110 
18326.9943 
43418.9805 
13530.2670 
4198.9603 
18388.5194 
5211.0698 
10268.2818 
8039.1739 
17398.1546 
5680.5511 
-3683.6791 
-705.8103 
5050.7423 
-1469.4670 
-2637.6350 
743.4848 
-4222.0367 
-2988.4917 
-3925.3967 
7466.1077 
246.1704 
-2296.3778 
-8474.0588 
1679.4057 
22631.0554 
35962.0750 
28723.5137 
-377.0179 
3085.5100 
4564.6795 
8400.2034 
4975.1085 
4159.9285 
1505.8528 
23855.7669 
21982.0650 
10880.7399 
5389.5948 
3833.5080 
10098.8359 
-835.6547 
7123.7236 
7914.0466 
3262.1206 
887.7298 
-3233.8767 
-2320.4281 
-1249.4961 
-2610.2861 
948.7076 
-2731.3517 
3922.6820 
-13265.4160 
4087.0046 
957.6435 
-3348.1088 
-2122.0178 
1094.3155 
16165.6709 
520.5811 
7066.9315 
-456.1871 
3009.3542 
-891.3877 
9898.6615 
-743.5289 
-46.1277 
36.6125 
11057.1018 
16824.3008 
12051.3879 
3970.9455 
15773.8200 
1922.0700 
7851.4033 
7364.2420 
10084.3847 
-2536.6388 
5090.8451 
-1770.8473 
-849.3817 
128.3217 
-887.2836 
1112.2138 
7246.4576 
8596.4678 
14821.0399 
25152.6375 
-1073.7173 
4641.4464 
28998.5351 
-735.6393 
13492.9598 
31385.9873 
18805.0300 
560.4794 
5131.9826 
4299.0106 
17357.9826 
-1869.4095 
3854.0446 
1467.3877 
18513.0238 
20138.0087 
18876.0975 
9233.1398 
15563.7967 
4425.4143 
8140.3860 
8915.4982 
24706.9356 
7388.4659 
5506.9012 
2298.4455 
1520.1665 
925.9980 
-364.4151 
1005.6315 
4349.3994 
4816.2953 
12690.3265 
31612.8516 
1177.6920 
7427.9206 
24338.0838 
1906.4142 
45090.0727 
13333.4300 
30089.6227 
259.0125 
6052.5025 
2950.6287 
13068.0747 
7118.5102 
3221.5037 
474.2458 
10915.5000 
35237.6259 
15979.8008 
1361.5810 
-10520.3546 
-2445.9783 
-8401.7918 
-4642.2568 
4479.9464 
-2653.5066 
-8546.4835 
1088.2036 
2608.3399 
35.1315 
-1698.0803 
-853.4122 
-4493.2662 
4592.8662 
-21000.5507 
-10314.5905 
408.1958 
2806.4913 
4015.3846 
1564.7839 
-7912.9931 
6727.1178 
4790.3965 
173.6093 
3285.8319 
-4217.0897 
-3375.0840 
3624.9566 
-3202.2086 
1447.4740 
-2514.8070 
-2905.0009 
18603.2732 
5530.5919 
13451.2985 
-518.0687 
5838.9545 
460.4446 
17079.2115 
5501.4518 
-2685.6155 
-3222.9979 
-574.4961 
1299.0647 
-915.8069 
1273.3041 
-6268.4623 
3097.0077 
-1208.1712 
18874.3661 
-57.7587 
9066.8869 
15818.4625 
1285.2081 
27041.9927 
14130.9663 
14861.7289 
-41.9435 
1367.8861 
604.6328 
5123.4553 
621.3995 
1683.7248 
1254.6463 
10453.3713 
25469.0948 
5595.4416 
-1664.0028 
2273.9817 
2725.7121 
-8293.7786 
2566.2868 
17907.3425 
3957.4163 
-5120.5962 
-1467.8074 
1522.6442 
-873.9876 
-1600.6621 
841.1090 
12157.4519 
-866.4080 
12494.0919 
9823.8596 
-1250.9772 
10677.6831 
12466.6866 
1260.2131 
3219.7072 
5436.4418 
10635.0043 
119.9185 
5930.1300 
-1838.4514 
10416.2798 
771.3582 
-730.2977 
1520.5257 
1579.1576 
-954.8270 
7933.5606 
3556.4771 
428.6650 
3367.7224 
6823.4362 
3304.7716 
7113.1204 
-500.0092 
4488.0629 
-2301.7023 
4577.2463 
-529.2876 
-1427.0569 
-247.0315 
-4167.5767 
4258.2659 
31257.9286 
16827.3244 
503.0577 
6012.7512 
12002.4100 
337.8338 
3618.3223 
15799.4830 
4499.9958 
-16.4740 
2475.0122 
-589.2959 
8463.2795 
-604.8204 
-119.2124 
1470.0795 
15277.3343 
7900.5476 
-571.0379 
3924.5919 
-4978.8968 
-3706.4331 
-2408.9287 
1819.2016 
-2220.1896 
-286.1360 
-5160.7140 
-5056.2783 
-1031.6531 
-1020.8849 
-2544.1232 
-1245.4514 
-20516.1976 
5663.1709 
-43281.2728 
-11229.1587 
1071.9984 
-13052.3626 
-33743.6124 
-544.0231 
11333.6879 
17395.8767 
21206.4112 
-602.1454 
-4656.8998 
-2680.6586 
-579.3154 
10803.9996 
-421.3901 
-1005.8537 
-3036.1033 
7137.4404 
9903.8666 
2229.4117 
5914.2770 
3503.2329 
2811.1494 
1690.1396 
9657.8130 
4387.9770 
-6254.4163 
-2035.4165 
2705.0216 
-74.0563 
-1696.6057 
600.8016 
15631.2532 
5050.6591 
21232.6356 
1272.9914 
900.4499 
-9345.7603 
-3849.1299 
267.0109 
2241.6321 
-14444.5191 
7324.3830 
-190.5522 
4283.1538 
-2848.1543 
3468.3229 
2687.5585 
-315.1243 
1297.8382 
-4280.9901 
15474.2559 
20618.9019 
7479.4841 
9222.1813 
12811.1273 
4964.8819 
5399.3035 
33423.5445 
5443.2725 
-515.1434 
8413.8522 
10974.3870 
1144.3582 
4273.4525 
-134.9820 
21341.4409 
10176.2086 
18675.2394 
32156.4757 
-708.5574 
14251.4654 
47882.0223 
1110.0631 
41008.4878 
47329.9826 
46171.6302 
725.5046 
3446.8261 
-1594.0705 
16171.5688 
11861.6285 
29.4574 
509.9744 
20338.8817 
46494.7993 
6297.3082 
6366.4958 
12602.8465 
1587.8466 
6534.5568 
-3306.2636 
14469.4440 
4441.9550 
-2945.7740 
4501.6785 
6540.8205 
355.4115 
-1579.4087 
-223.9575 
5429.7890 
5313.9741 
7869.0697 
18552.2349 
290.0719 
-7761.8246 
18722.9324 
1771.0134 
30645.1425 
31742.3731 
32755.6452 
-468.7238 
2776.1395 
-162.8495 
9822.6669 
8396.3770 
2384.4632 
1303.9699 
9763.5063 
36994.7258 
9678.0725 
1655.7186 
4028.7537 
601.5252 
-2029.0334 
2005.9786 
10648.9301 
-5092.4214 
-5610.6017 
4902.9063 
4362.2453 
-1790.4399 
259.6679 
-1499.5755 
-31433.8646 
-676.7909 
-40017.2025 
9653.7127 
-625.1349 
5180.4176 
-18349.8120 
1448.6853 
-19204.3019 
21225.3048 
5259.1616 
194.8557 
-5756.4389 
-3309.2716 
-3234.7600 
-3465.8887 
-2912.3865 
1218.8734 
4974.5134 
17987.3494 
12765.4569 
2613.5738 
385.1677 
12869.6470 
-3446.4718 
6576.3502 
22014.5140 
3641.3768 
755.3135 
3612.9981 
2337.3196 
182.2574 
2299.9756 
285.5973 
-462.2752 
2551.7237 
-2022.9433 
22938.3598 
37.6640 
15986.7787 
38194.5917 
1146.5684 
17389.3977 
15569.9110 
2570.1894 
-284.3003 
5048.0311 
-422.2353 
2575.2370 
15620.4029 
133.5010 
1475.3447 
5791.3624 
21826.7868 
6162.8113 
4382.5088 
4504.9060 
5069.9791 
-2342.9630 
4962.9245 
8169.6968 
4181.8062 
-3469.2803 
-2379.1877 
3354.0601 
1119.1040 
966.3855 
289.9878 
-3673.4978 
3994.7513 
-17146.2414 
9686.2565 
407.6805 
-240.6907 
10466.4897 
-1249.0663 
933.2060 
-1525.1633 
-446.5136 
-538.1662 
3060.1165 
-873.4295 
10516.9186 
2150.1786 
454.6943 
1521.0044 
10967.8555 
17884.4357 
8479.9818 
1227.2856 
6939.7558 
2761.0879 
-7267.9906 
3038.6640 
12043.1184 
2843.7333 
-5047.1975 
-5307.1930 
4589.6556 
-1665.7412 
-669.4637 
-859.3483 
-8974.3000 
4278.2706 
-25824.0184 
-8592.3094 
901.2262 
-4601.8749 
7033.0581 
106.5562 
5019.9490 
14771.5025 
-516.9375 
-226.6755 
860.8836 
-3278.2755 
10988.9224 
-6441.4107 
-2753.4795 
1431.1396 
-3239.2604 
-1390.3722 
5709.8956 
646.5709 
1328.2339 
1338.1785 
-4989.9232 
4619.2218 
11917.8215 
4022.6708 
1579.2740 
-1223.2678 
4893.5245 
640.7622 
-1271.8237 
2.0447 
5290.0644 
-71.2998 
-3087.1928 
6759.5035 
828.9070 
3773.3755 
22058.4909 
-76.6259 
17516.2503 
14749.8449 
32831.8119 
-458.2841 
1290.8471 
142.8264 
7706.3015 
6628.2854 
195.3340 
1507.5908 
-2231.2598 
5995.4331 
12115.1104 
9125.7258 
19354.7590 
3350.6971 
5348.9879 
6966.2206 
18307.8118 
6516.3101 
8661.0567 
3725.4593 
2967.4579 
-300.7772 
2063.6221 
1545.7558 
33232.8373 
8426.9054 
42895.5708 
36856.1608 
803.9451 
18165.0792 
48518.6738 
1926.8353 
42029.3999 
26066.0173 
26589.2663 
590.5968 
5682.4923 
1641.9176 
10082.7893 
8545.6653 
3687.4532 
1545.4519 
20365.2507 
24228.0905 
16254.0211 
1781.6548 
3164.3227 
3389.8896 
4460.4037 
5861.9518 
14845.6379 
-2032.7270 
7427.1516 
1547.9000 
390.7675 
1300.4500 
173.1387 
731.6330 
-3944.9166 
1363.0927 
-15133.7567 
-2131.9987 
245.3340 
8370.7322 
2448.4659 
1976.8165 
-3923.9413 
-790.8733 
-1646.1920 
23.6245 
577.8759 
-2497.6201 
7426.0494 
416.9350 
357.0146 
549.0469 
6392.5113 
1341.1724 
238.6190 
-3516.5043 
-3872.0337 
-1990.1748 
-8340.1179 
2131.2348 
-69.6910 
-2081.6498 
-5169.9664 
-1764.9641 
-8096.9341 
238.8981 
-2101.8623 
-75.1250 
68.6039 
-2968.3799 
-20974.7328 
-8995.1023 
-94.5769 
4843.6016 
5695.7764 
909.4125 
-517.5492 
-24824.2945 
-3982.7268 
-298.3544 
-4068.5242 
-2334.4714 
-7911.3421 
1502.5142 
-1614.3465 
-83.2687 
-10804.1439 
2351.4344 
1564.3971 
1695.1638 
-4440.3124 
-2948.7125 
6153.1352 
4385.5090 
-4705.1078 
1599.5502 
348.5319 
-1542.8134 
5808.6919 
-215.0137 
301.1143 
494.6682 
11318.1566 
100.8036 
-2125.2150 
7991.2612 
965.1238 
-3871.8940 
400.5271 
339.5006 
3293.6863 
11946.9943 
369.4116 
-615.6866 
-1404.7910 
2645.2279 
2949.0307 
-4402.0301 
1598.1681 
-181.0677 
492.5034 
9515.0615 
4941.5974 
312.6497 
8627.3249 
2382.9196 
3100.8673 
3696.2752 
19903.9169 
253.2731 
10247.8904 
-3256.0365 
4786.3653 
700.6138 
1828.9073 
991.7472 
-1400.5054 
-701.2067 
-14605.2819 
17799.3971 
720.8295 
4471.8026 
9696.5987 
-662.1743 
8313.5919 
10401.5719 
2190.2601 
-226.7199 
4247.6491 
-1029.9546 
2344.2596 
3032.3663 
-363.7396 
1376.3732 
4280.7802 
29869.1081 
12891.9237 
4898.6114 
4599.9730 
5424.2119 
-1152.5490 
-729.8465 
16646.6349 
2832.3364 
-164.7321 
-3013.3634 
7619.6736 
1170.0459 
-4308.6562 
369.6472 
-5508.0600 
1213.0844 
-19669.1827 
22146.0217 
-185.9100 
-3832.0020 
11435.6320 
1293.2635 
16128.7435 
26448.7016 
16633.0250 
82.7940 
2782.9267 
3691.6679 
4601.9621 
9445.5735 
1273.3513 
960.4599 
11673.1349 
15977.5246 
1869.7436 
-1431.8748 
-791.2118 
4297.9013 
-1005.3918 
338.1742 
833.5340 
-739.0094 
-94.9317 
5360.9945 
-1948.4138 
-1415.4715 
-1775.7164 
239.7375 
-391.2680 
5400.3064 
-8173.4889 
2074.8740 
1260.6873 
-4287.5383 
1404.2172 
1793.3195 
-6727.7562 
-1583.7617 
-911.4476 
487.0177 
-508.4171 
-607.0350 
3358.4265 
-3909.0731 
-1636.9313 
793.9491 
-8842.4246 
-15119.8011 
13153.3534 
8242.0801 
11552.1800 
5257.4122 
5594.9093 
3803.0634 
28224.1225 
799.1826 
-2377.0486 
3447.7560 
5555.3183 
-574.5208 
2303.7006 
257.3031 
-9185.8858 
8679.8045 
-7590.8937 
33137.4452 
812.8617 
4442.5943 
22769.0777 
150.7849 
18645.5815 
13665.1915 
-429.4501 
81.9473 
3712.1836 
-2046.1753 
15130.7760 
9038.3373 
1744.7060 
1257.0227 
21729.5123 
19899.3493 
10349.9758 
-3472.4402 
-5586.9677 
-2771.7630 
-5922.8403 
1156.1452 
-9298.9841 
-1268.0758 
-4064.9445 
-4550.8514 
339.5266 
-844.8241 
-400.4514 
-171.8889 
-10325.6913 
-448.7596 
-34720.3936 
-16499.3627 
913.5475 
-7946.2495 
-25659.9447 
-659.3261 
-14724.9864 
-5619.5240 
-11212.9041 
-365.0573 
-2907.0095 
169.7906 
910.0641 
-4752.0123 
-2690.1126 
607.2855 
-5504.9667 
-7377.4058 
-1505.7690 
2222.6366 
673.0501 
3508.9477 
2113.9513 
1796.9165 
3392.4968 
2219.4847 
-866.8816 
152.3746 
5783.1991 
647.1758 
-2787.3871 
862.4507 
-20031.1619 
3655.9778 
-27667.2218 
6394.8607 
363.2736 
-7284.2698 
-11715.7570 
88.4284 
-339.9574 
-7610.1988 
5622.6692 
-9.4850 
2192.1898 
-2076.7359 
-9165.3446 
-229.1586 
2583.7008 
512.7073 
-9363.3161 
21313.4933 
7419.9438 
-2818.2834 
10773.1520 
2146.5969 
-1263.1396 
4627.3405 
5788.2883 
-2971.7505 
-6859.6262 
-9026.6398 
560.7033 
-809.5266 
-1096.4291 
553.4326 
-7879.1826 
-1632.2375 
-25471.5326 
10205.7723 
1080.2791 
-12947.3524 
-24241.5439 
288.9721 
4687.1893 
2644.9020 
-6407.0654 
-193.0113 
1660.2063 
-2443.3220 
-6187.4659 
-8324.8080 
131.1447 
378.1280 
6313.3144 
10060.0119 
-12188.4120 
5231.7372 
3398.1573 
-1524.7749 
-6036.0659 
-3799.1076 
20618.4562 
2264.2147 
-5686.6841 
3417.2921 
10202.4350 
-529.1619 
-1167.9262 
916.7301 
-2602.3003 
6322.2575 
5988.1012 
5020.7450 
65.4564 
-6125.5801 
9699.0768 
1254.1593 
5194.7735 
25619.2340 
18084.0702 
479.9157 
4753.9279 
-1128.7352 
391.9379 
-692.1289 
1025.8592 
726.0097 
6045.1168 
22924.5930 
19539.7306 
6698.4705 
23590.6045 
-3630.0273 
3240.9825 
1786.7526 
19386.8668 
-2176.6452 
1487.8601 
-4800.1353 
7192.8569 
351.7029 
-2819.4051 
765.8938 
-4892.0234 
5738.0030 
-17191.1857 
32097.1856 
754.8613 
-13284.1570 
-12655.6461 
1484.1580 
40318.2346 
11833.9893 
23427.4668 
42.7514 
2192.6354 
228.0243 
4994.5642 
3083.0194 
4010.1779 
1478.8650 
19087.8601 
40114.1450 
18685.0098 
1340.6682 
8073.2978 
13660.1085 
2651.5492 
9469.4328 
-20505.1558 
-5232.2784 
-2251.9545 
-8257.8925 
-4116.6407 
-571.2693 
-923.2691 
-467.6306 
-676.9233 
-8335.8602 
-7182.8202 
-1885.6462 
-1290.7089 
-19052.8472 
-58473.3902 
1237.9218 
-7948.9545 
-16738.1854 
-20473.6306 
-264.7571 
5744.3230 
-3585.3791 
-19294.3824 
-16423.6256 
540.2594 
1424.2296 
-6729.3509 
1009.1239