0.724
0.739
0.91
0.935
0.875
0.015
0.853
1.038
0.907
0.907
0.765
0.85
0.763
0.788
0.041
0.176
0.93
0.005
0.814
0.824
1.078
0.048
0.004
0.119
0.88
0.865
1.001
0.971
1.063
0.198
1.004
1.019
0.863
0.863
0.809
0.849
0.875
0.82
0.746
0.741
0.847
0.737
0.874
0.984
0.845
0.84
0.896
0.856
0.818
0.788
0.705
0.7
0.945
1.045
0.877
0.942
0.913
0.888
0.918
0.898
0.963
1.083
0.859
0.839
0.874
0.869
0.92
0.01
0.94
0.135
0.972
0.957
0.804
0.769
0.976
1.181
0.813
0.768
0.795
0.83
0.952
0.937
0.9733
0.86
0.915
0.82
0.96
0.88
0.95
0.9133
1.3367
0.84
0.985
0.865
1.29
0.79
0.81
0.9
1.09
0.94
1.27
1.2
1.52
1
1.11
0.9083
1.0233
0.9283
1.0367
0.955
1.2367
0.9067
1.0367
1.12
1.66
0.9617
1.0433
0.8867
0.8783
1.2767
0.8567
0.8267
0.9633
0.99
1.15
0.895
1.07
0.855
1.01
0.9483
1.0567
0.865
0.99
0.915
0.94
0.88
1.18
0.7717
0.7883
0.865
0.895
0.935
1.005
0.9517
1.2133
0.74
0.72
1.16
1.48
0.775
0.705
0.8417
0.81
0.84
0.95
0.825
0.765
0.885
0.93
0.875
1.29
0.5
0.5
0.5
0.4
0.4